average_elo,encoded_pgn
1735.0,878 995 368 1346 722 1502 1306 240 1910 757 1857 1320 1411 922 817 395 1945 960 1909 1873 35 49 1361 1572 1259 1614 528 412 1420 1888 2061 1216 332 1952 302 1588 1850 1282 1215 1205 359 1676 1807 1108 16 1953 1739 1942 885 1265 1027 679 1280 1904 797 509 818 55 124 765 247 1867 104 1225 543 1587 360 0 -1 -1
1729.5,878 1502 368 234 1614 412 998 722 1857 1230 1346 960 1945 33 1909 1247 1411 1873 35 1845 369 506 1725 2047 2052 1472 615 350 2014 302 1588 592 366 242 242 1723 817 388 1420 1888 2061 1475 851 1963 1501 894 1520 818 1664 527 -1 -1 -1 -1 -1 -1 -1 -1 -1 -1 -1 -1 -1 -1 -1 -1 -1 -1 -1 -1
1710.0,878 995 368 1346 722 757 1306 787 787 1801 1857 1863 1036 579 998 836 35 464 1805 1462 817 817 1411 302 530 2049 1725 907 171 1176 308 357 1817 560 455 421 1442 0 -1 -1 -1 -1 -1 -1 -1 -1 -1 -1 -1 -1 -1 -1 -1 -1 -1 -1 -1 -1 -1 -1 -1 -1 -1 -1 -1 -1 -1 -1 -1 -1
1743.0,878 1346 42 1959 998 1045 1857 995 368 1502 1411 506 817 481 1200 240 1614 1887 1112 506 146 960 246 246 1657 817 615 917 992 1692 2063 1313 1535 551 544 111 620 1239 359 302 859 859 1848 421 544 1836 366 1737 350 2014 374 1320 1517 922 1138 421 646 1909 -1 -1 -1 -1 -1 -1 -1 -1 -1 -1 -1 -1
1744.5,878 722 368 1856 1306 334 1572 1801 1614 1265 1857 234 817 1230 1945 33 1909 1247 998 579 481 136 42 885 801 952 1002 2015 927 1071 1617 947 1249 1053 35 728 1105 710 710 1710 1031 1494 -1 -1 -1 -1 -1 -1 -1 -1 -1 -1 -1 -1 -1 -1 -1 -1 -1 -1 -1 -1 -1 -1 -1 -1 -1 -1 -1 -1
1741.5,878 757 1857 506 722 481 998 1154 214 995 1917 1346 1219 1050 817 528 193 0 -1 -1 -1 -1 -1 -1 -1 -1 -1 -1 -1 -1 -1 -1 -1 -1 -1 -1 -1 -1 -1 -1 -1 -1 -1 -1 -1 -1 -1 -1 -1 -1 -1 -1 -1 -1 -1 -1 -1 -1 -1 -1 -1 -1 -1 -1 -1 -1 -1 -1 -1 -1
1747.0,878 1320 1857 922 998 506 368 1313 1411 1154 171 995 817 1346 455 551 697 1952 1600 2020 875 13 1275 163 47 1178 584 1054 944 302 407 1867 347 1178 172 1953 1307 2020 721 0 -1 -1 -1 -1 -1 -1 -1 -1 -1 -1 -1 -1 -1 -1 -1 -1 -1 -1 -1 -1 -1 -1 -1 -1 -1 -1 -1 -1 -1 -1
1904.0,878 1502 368 1346 42 242 1411 1801 1306 506 862 1230 249 953 2052 995 999 960 1945 33 817 817 1657 679 359 917 879 1887 1857 2056 1909 1247 1036 1952 2019 742 530 1427 1427 246 264 1534 591 1249 452 226 478 1946 308 1820 597 1065 1184 880 1411 770 1617 722 631 955 1745 381 249 163 289 878 1775 2020 -1 -1
1900.5,878 757 1857 234 368 787 801 506 998 1863 146 995 1910 960 697 817 1053 1475 1909 412 1707 281 302 2047 1713 1713 1896 1764 246 246 2014 226 947 1176 551 770 1857 1911 2063 1664 361 722 1312 1490 836 288 1834 350 825 1873 1112 2061 861 955 72 1725 1736 908 1530 812 129 1192 410 1859 392 0 -1 -1 -1 -1
1916.5,878 234 368 506 998 551 35 111 528 1502 1275 1850 1807 1764 1411 1664 218 560 1857 49 817 1572 1966 1475 722 481 1107 421 455 1053 1501 757 1725 1112 988 818 368 1178 988 988 374 995 288 1867 136 42 961 765 -1 -1 -1 -1 -1 -1 -1 -1 -1 -1 -1 -1 -1 -1 -1 -1 -1 -1 -1 -1 -1 -1
1891.5,878 1320 368 551 1614 111 998 506 1910 234 1857 1230 1945 1269 35 922 1411 1475 817 722 1205 359 679 817 1857 1392 722 510 455 302 757 55 954 0 -1 -1 -1 -1 -1 -1 -1 -1 -1 -1 -1 -1 -1 -1 -1 -1 -1 -1 -1 -1 -1 -1 -1 -1 -1 -1 -1 -1 -1 -1 -1 -1 -1 -1 -1 -1
1947.0,878 722 1857 1801 368 1856 1917 960 801 801 927 1911 722 146 1834 446 774 2020 683 1231 2052 741 499 1828 1961 938 478 395 1095 444 817 1239 1633 234 1857 836 1147 885 801 952 1747 1745 1533 1247 366 1911 1927 777 -1 -1 -1 -1 -1 -1 -1 -1 -1 -1 -1 -1 -1 -1 -1 -1 -1 -1 -1 -1 -1 -1
1903.0,878 722 1857 1801 368 1856 1917 234 1306 214 817 796 741 506 455 812 1600 1713 129 960 998 240 481 1911 246 936 697 421 620 770 1910 136 42 885 1394 880 1197 0 -1 -1 -1 -1 -1 -1 -1 -1 -1 -1 -1 -1 -1 -1 -1 -1 -1 -1 -1 -1 -1 -1 -1 -1 -1 -1 -1 -1 -1 -1 -1 -1
1446.5,878 722 1857 1801 368 506 359 1313 1411 2047 1917 234 1219 1685 817 817 998 0 -1 -1 -1 -1 -1 -1 -1 -1 -1 -1 -1 -1 -1 -1 -1 -1 -1 -1 -1 -1 -1 -1 -1 -1 -1 -1 -1 -1 -1 -1 -1 -1 -1 -1 -1 -1 -1 -1 -1 -1 -1 -1 -1 -1 -1 -1 -1 -1 -1 -1 -1 -1
1863.0,878 1320 368 922 1411 234 1857 240 1614 722 1346 551 998 111 817 328 1264 817 118 770 1798 860 1664 302 1588 1067 308 878 1186 1432 531 955 556 1657 1910 701 1264 1558 1113 1444 332 388 136 136 193 341 1847 726 1099 1001 699 880 1959 1836 476 2067 1945 1746 697 0 -1 -1 -1 -1 -1 -1 -1 -1 -1 -1
1896.0,878 1346 368 473 998 506 752 866 1870 1230 1917 995 817 783 1785 1502 1657 1239 359 699 332 1160 530 1900 947 688 -1 -1 -1 -1 -1 -1 -1 -1 -1 -1 -1 -1 -1 -1 -1 -1 -1 -1 -1 -1 -1 -1 -1 -1 -1 -1 -1 -1 -1 -1 -1 -1 -1 -1 -1 -1 -1 -1 -1 -1 -1 -1 -1 -1
1892.5,878 757 1857 551 368 787 1306 214 1154 111 1917 1801 817 995 615 579 481 42 42 877 234 701 1380 1349 1160 817 146 641 1249 741 1394 754 755 1952 1275 1836 1077 0 -1 -1 -1 -1 -1 -1 -1 -1 -1 -1 -1 -1 -1 -1 -1 -1 -1 -1 -1 -1 -1 -1 -1 -1 -1 -1 -1 -1 -1 -1 -1 -1
1833.5,878 722 1857 1801 368 1856 1917 506 722 848 862 889 1306 214 171 1265 455 110 549 817 262 1346 2063 770 1411 1619 341 212 292 0 -1 -1 -1 -1 -1 -1 -1 -1 -1 -1 -1 -1 -1 -1 -1 -1 -1 -1 -1 -1 -1 -1 -1 -1 -1 -1 -1 -1 -1 -1 -1 -1 -1 -1 -1 -1 -1 -1 -1 -1
1890.0,878 722 1857 1801 368 1856 1917 506 722 2020 817 1200 1264 2047 455 1490 366 1320 1306 214 1154 922 481 1045 697 227 709 960 390 1534 539 1953 774 1392 992 709 1128 509 995 234 453 1657 221 1022 1231 1888 592 1233 -1 -1 -1 -1 -1 -1 -1 -1 -1 -1 -1 -1 -1 -1 -1 -1 -1 -1 -1 -1 -1 -1
1896.5,878 995 368 1346 722 757 1306 1801 1857 117 1411 787 787 1176 817 801 801 927 998 1419 1264 755 1420 656 35 960 1301 567 1834 1191 938 506 697 1863 226 1045 1887 1505 1896 350 366 953 1512 1922 -1 -1 -1 -1 -1 -1 -1 -1 -1 -1 -1 -1 -1 -1 -1 -1 -1 -1 -1 -1 -1 -1 -1 -1 -1 -1
1956.0,1112 722 1576 1801 1927 1346 591 506 334 368 1945 812 1725 783 2052 817 999 481 1957 953 1155 302 817 1910 1909 350 388 388 752 1215 1215 186 1617 2032 -1 -1 -1 -1 -1 -1 -1 -1 -1 -1 -1 -1 -1 -1 -1 -1 -1 -1 -1 -1 -1 -1 -1 -1 -1 -1 -1 -1 -1 -1 -1 -1 -1 -1 -1 -1
1956.0,1725 722 1112 1346 1576 1952 1927 368 591 1801 1201 350 1857 1230 1945 812 817 2014 1856 1909 679 1205 366 1856 1264 357 1306 579 787 801 952 927 998 1053 1420 117 2061 1502 1301 894 -1 -1 -1 -1 -1 -1 -1 -1 -1 -1 -1 -1 -1 -1 -1 -1 -1 -1 -1 -1 -1 -1 -1 -1 -1 -1 -1 -1 -1 -1
1956.0,1725 1346 1112 995 1576 302 1927 506 591 368 1201 757 1856 787 334 350 1857 722 679 182 528 1546 748 755 598 186 -1 -1 -1 -1 -1 -1 -1 -1 -1 -1 -1 -1 -1 -1 -1 -1 -1 -1 -1 -1 -1 -1 -1 -1 -1 -1 -1 -1 -1 -1 -1 -1 -1 -1 -1 -1 -1 -1 -1 -1 -1 -1 -1 -1
1426.0,1725 722 1112 1346 1306 506 334 1745 1201 757 752 1801 1927 783 361 817 591 1392 817 770 878 473 1432 1230 1945 33 1909 1247 1312 1764 2052 117 332 571 1857 1614 1950 1950 556 1113 2049 1900 1850 1966 1771 1997 510 1127 734 955 584 13 1067 1517 1197 1001 1307 955 1372 0 -1 -1 -1 -1 -1 -1 -1 -1 -1 -1
1940.0,878 722 1857 1801 1300 234 368 1856 801 1176 817 350 998 506 836 551 1264 1067 617 960 146 1191 646 1872 609 1349 1775 757 246 787 1929 113 2029 1953 -1 -1 -1 -1 -1 -1 -1 -1 -1 -1 -1 -1 -1 -1 -1 -1 -1 -1 -1 -1 -1 -1 -1 -1 -1 -1 -1 -1 -1 -1 -1 -1 -1 -1 -1 -1
1940.0,878 722 1857 234 368 1856 801 506 998 350 862 848 752 1657 528 1863 1053 1764 536 1551 1239 1664 1420 1801 862 812 885 696 1707 1013 -1 -1 -1 -1 -1 -1 -1 -1 -1 -1 -1 -1 -1 -1 -1 -1 -1 -1 -1 -1 -1 -1 -1 -1 -1 -1 -1 -1 -1 -1 -1 -1 -1 -1 -1 -1 -1 -1 -1 -1
1940.0,878 1502 998 1346 1857 368 361 757 1306 1801 787 787 356 1863 788 1176 915 646 249 1535 1917 995 1657 783 516 1145 542 1191 224 1017 641 1266 751 432 934 2031 -1 -1 -1 -1 -1 -1 -1 -1 -1 -1 -1 -1 -1 -1 -1 -1 -1 -1 -1 -1 -1 -1 -1 -1 -1 -1 -1 -1 -1 -1 -1 -1 -1 -1
1502.5,878 722 1857 1801 1917 506 455 1346 42 136 516 1145 1152 1906 388 1959 1959 0 -1 -1 -1 -1 -1 -1 -1 -1 -1 -1 -1 -1 -1 -1 -1 -1 -1 -1 -1 -1 -1 -1 -1 -1 -1 -1 -1 -1 -1 -1 -1 -1 -1 -1 -1 -1 -1 -1 -1 -1 -1 -1 -1 -1 -1 -1 -1 -1 -1 -1 -1 -1
1910.0,878 1346 42 506 1167 1176 1036 136 1857 1801 368 995 1614 506 998 1462 817 770 1725 907 171 817 1264 1392 1411 328 1657 757 697 567 1896 955 586 0 -1 -1 -1 -1 -1 -1 -1 -1 -1 -1 -1 -1 -1 -1 -1 -1 -1 -1 -1 -1 -1 -1 -1 -1 -1 -1 -1 -1 -1 -1 -1 -1 -1 -1 -1 -1
1573.0,878 722 1857 1801 1917 770 368 234 359 359 738 1235 679 506 998 812 851 1265 817 2014 35 767 1520 1737 129 1600 35 1053 992 1392 448 1359 1055 350 709 1430 333 859 333 1075 586 0 -1 -1 -1 -1 -1 -1 -1 -1 -1 -1 -1 -1 -1 -1 -1 -1 -1 -1 -1 -1 -1 -1 -1 -1 -1 -1 -1 -1
1884.0,878 1346 42 1959 998 560 368 1502 1857 506 1917 1230 817 995 1945 350 1215 1215 1657 412 862 783 1264 481 388 242 1420 117 126 1050 573 117 1090 240 1112 1053 1614 1925 242 42 1048 2047 1431 1178 2032 641 1138 1713 1816 1953 1930 178 557 2014 7 0 -1 -1 -1 -1 -1 -1 -1 -1 -1 -1 -1 -1 -1 -1
1506.5,1725 770 878 722 1857 1952 679 1205 1197 0 -1 -1 -1 -1 -1 -1 -1 -1 -1 -1 -1 -1 -1 -1 -1 -1 -1 -1 -1 -1 -1 -1 -1 -1 -1 -1 -1 -1 -1 -1 -1 -1 -1 -1 -1 -1 -1 -1 -1 -1 -1 -1 -1 -1 -1 -1 -1 -1 -1 -1 -1 -1 -1 -1 -1 -1 -1 -1 -1 -1
1887.5,878 757 1857 234 368 787 801 506 998 1863 1411 117 1081 1801 35 412 752 1657 1036 1764 528 812 1053 1963 1363 1664 892 1505 177 551 1910 1313 615 848 1167 1953 1733 524 760 281 262 302 615 1334 698 111 1909 1275 2014 111 366 995 350 1587 2015 1312 1983 466 710 2015 1925 887 4 1449 1888 1336 1731 0 -1 -1
1374.5,878 722 1857 506 679 1313 615 1346 334 1745 473 473 1277 1176 639 639 1917 1265 817 817 998 880 35 1863 249 1320 1313 978 734 936 1520 55 1747 956 1186 1313 1264 381 1186 201 83 1614 210 0 -1 -1 -1 -1 -1 -1 -1 -1 -1 -1 -1 -1 -1 -1 -1 -1 -1 -1 -1 -1 -1 -1 -1 -1 -1 -1
1374.5,878 722 1857 1801 1917 506 368 801 801 1856 722 1200 927 757 28 182 998 1346 1959 812 965 1045 129 1713 146 1368 680 1045 738 1075 845 1587 1200 551 506 449 1707 381 187 1906 333 1075 201 1906 773 1587 1517 1191 848 1001 442 1191 506 350 475 1614 767 1306 2061 796 1873 2014 1863 1909 84 366 931 0 -1 -1
1507.0,1725 722 1927 1346 591 506 1112 1265 1576 878 1201 817 1945 1745 361 1801 817 1873 368 783 1614 740 1950 1392 583 812 1346 388 242 1657 288 1502 1217 1872 499 281 615 2014 510 1909 734 322 1313 997 1427 2004 734 0 -1 -1 -1 -1 -1 -1 -1 -1 -1 -1 -1 -1 -1 -1 -1 -1 -1 -1 -1 -1 -1 -1
1912.0,878 722 1857 1801 1917 506 334 1265 1306 1863 817 268 368 817 146 770 1619 234 359 679 679 359 615 1230 262 1436 2005 973 -1 -1 -1 -1 -1 -1 -1 -1 -1 -1 -1 -1 -1 -1 -1 -1 -1 -1 -1 -1 -1 -1 -1 -1 -1 -1 -1 -1 -1 -1 -1 -1 -1 -1 -1 -1 -1 -1 -1 -1 -1 -1
1921.5,878 722 1857 1801 1917 506 334 770 230 960 1306 1863 817 1764 851 922 368 1856 787 1313 1313 877 369 1346 2047 1269 1983 551 615 1801 1657 801 528 1520 1202 1216 598 812 1253 1713 1411 880 1807 602 17 1611 332 121 -1 -1 -1 -1 -1 -1 -1 -1 -1 -1 -1 -1 -1 -1 -1 -1 -1 -1 -1 -1 -1 -1
1862.5,878 1502 998 1346 1857 1230 1945 1427 1242 995 1036 506 722 1472 368 757 136 42 1959 1801 33 551 1230 960 995 1713 129 801 269 1191 594 0 -1 -1 -1 -1 -1 -1 -1 -1 -1 -1 -1 -1 -1 -1 -1 -1 -1 -1 -1 -1 -1 -1 -1 -1 -1 -1 -1 -1 -1 -1 -1 -1 -1 -1 -1 -1 -1 -1
1889.0,878 506 722 481 998 1723 368 1346 1910 350 1411 1230 1857 366 1945 1176 302 995 1713 1713 817 567 455 0 -1 -1 -1 -1 -1 -1 -1 -1 -1 -1 -1 -1 -1 -1 -1 -1 -1 -1 -1 -1 -1 -1 -1 -1 -1 -1 -1 -1 -1 -1 -1 -1 -1 -1 -1 -1 -1 -1 -1 -1 -1 -1 -1 -1 -1 -1
1951.5,368 302 998 506 146 995 878 1432 1313 960 246 246 1857 1320 1411 1801 1306 922 817 2020 2061 1873 308 1346 734 1900 1394 186 556 327 836 1231 615 1269 1300 328 884 1349 1910 1176 302 284 231 600 1138 1045 1747 243 140 1191 1077 186 859 330 332 0 -1 -1 -1 -1 -1 -1 -1 -1 -1 -1 -1 -1 -1 -1
1899.5,368 506 1614 757 1346 234 998 551 878 111 1857 817 1411 1230 1945 1427 1242 1475 615 560 817 1657 369 289 1725 1160 1160 701 1910 510 1909 1444 1617 1409 1420 35 851 446 581 996 -1 -1 -1 -1 -1 -1 -1 -1 -1 -1 -1 -1 -1 -1 -1 -1 -1 -1 -1 -1 -1 -1 -1 -1 -1 -1 -1 -1 -1 -1
1907.0,368 1346 1614 740 878 1764 2061 1502 1857 1176 998 995 1036 1462 817 907 171 506 2052 817 1848 117 285 1392 722 481 308 1873 1551 1893 1200 1664 716 1112 528 2061 2047 1300 1141 240 1200 302 1692 421 1946 1154 1597 1522 2020 1725 1421 955 1736 908 725 656 894 1417 741 799 629 770 380 102 662 0 -1 -1 -1 -1
1903.5,368 757 1346 995 1614 42 242 234 998 506 1857 960 862 817 1201 1745 1917 1475 817 1863 2061 1723 618 1392 1264 770 878 1113 722 359 679 783 516 1 1754 1145 568 1191 766 0 -1 -1 -1 -1 -1 -1 -1 -1 -1 -1 -1 -1 -1 -1 -1 -1 -1 -1 -1 -1 -1 -1 -1 -1 -1 -1 -1 -1 -1 -1
1892.5,368 506 1614 551 998 111 878 234 1857 817 1036 1801 817 722 1346 328 1124 917 1904 302 752 1910 757 1836 308 1997 1366 1366 118 1737 1501 2014 1420 411 -1 -1 -1 -1 -1 -1 -1 -1 -1 -1 -1 -1 -1 -1 -1 -1 -1 -1 -1 -1 -1 -1 -1 -1 -1 -1 -1 -1 -1 -1 -1 -1 -1 -1 -1 -1
1952.5,878 995 368 1346 722 757 1306 117 1857 1801 1411 1176 817 1505 369 787 787 1646 851 1300 1264 1904 998 283 1754 1462 118 907 171 328 369 817 499 1888 1416 1917 455 573 366 770 516 1145 2063 1587 1002 2021 1141 356 471 1178 1834 1764 -1 -1 -1 -1 -1 -1 -1 -1 -1 -1 -1 -1 -1 -1 -1 -1 -1 -1
1885.5,878 757 1857 234 368 787 801 551 1614 111 998 1801 35 995 1036 579 817 350 1183 366 1945 412 528 1657 1112 1863 879 302 1055 1175 1124 1911 1857 1176 1588 1067 862 722 146 709 227 227 1368 1216 880 1910 481 136 242 1045 1009 0 -1 -1 -1 -1 -1 -1 -1 -1 -1 -1 -1 -1 -1 -1 -1 -1 -1 -1
1942.0,878 1502 1857 1346 998 473 1313 506 615 1313 28 240 1917 506 947 995 368 1764 851 1873 2061 481 1896 551 146 1952 118 783 947 722 817 812 1747 412 359 1239 679 1205 388 388 880 421 1340 1178 140 0 -1 -1 -1 -1 -1 -1 -1 -1 -1 -1 -1 -1 -1 -1 -1 -1 -1 -1 -1 -1 -1 -1 -1 -1
1901.5,878 506 722 481 368 234 1857 551 1917 1502 998 359 679 111 697 812 136 242 1167 1801 915 1872 1467 1176 388 817 1597 350 742 1230 1983 117 1306 381 817 722 1346 302 1614 0 -1 -1 -1 -1 -1 -1 -1 -1 -1 -1 -1 -1 -1 -1 -1 -1 -1 -1 -1 -1 -1 -1 -1 -1 -1 -1 -1 -1 -1 -1
1869.5,878 757 1857 995 368 787 801 1863 1411 1801 915 1217 1614 722 998 506 817 960 35 812 308 240 1055 817 892 1764 1893 1551 998 432 361 1505 1725 1952 1312 163 836 1005 615 1011 1834 573 366 1127 1588 1011 742 1454 859 859 1301 757 350 1614 1927 1664 1617 1891 1891 155 770 446 446 374 137 1306 1834 0 -1 -1
1847.5,878 722 1857 1801 1917 770 368 1856 817 1265 1306 214 814 1145 125 1906 841 234 4 506 1154 2020 481 136 42 1657 679 359 862 878 1747 1745 752 186 1432 1230 722 451 879 1109 555 404 1850 1745 118 1517 1462 757 1217 457 1685 1050 15 812 1548 860 967 0 -1 -1 -1 -1 -1 -1 -1 -1 -1 -1 -1 -1
1909.5,878 722 1857 1801 1917 1265 1664 647 1306 960 368 1856 787 889 549 579 455 817 2063 770 516 1346 1235 740 915 915 35 1306 1725 624 981 1515 2052 1320 1857 1908 -1 -1 -1 -1 -1 -1 -1 -1 -1 -1 -1 -1 -1 -1 -1 -1 -1 -1 -1 -1 -1 -1 -1 -1 -1 -1 -1 -1 -1 -1 -1 -1 -1 -1
1722.5,878 1346 42 1959 998 953 1857 1502 334 995 35 506 528 551 1053 111 366 2020 350 1484 1275 1850 1807 1231 1909 1676 -1 -1 -1 -1 -1 -1 -1 -1 -1 -1 -1 -1 -1 -1 -1 -1 -1 -1 -1 -1 -1 -1 -1 -1 -1 -1 -1 -1 -1 -1 -1 -1 -1 -1 -1 -1 -1 -1 -1 -1 -1 -1 -1 -1
1976.0,878 757 1857 234 368 787 801 506 998 1801 146 117 1081 995 246 1900 1411 1863 615 1275 481 42 173 1657 817 1230 1792 1053 1614 233 757 988 -1 -1 -1 -1 -1 -1 -1 -1 -1 -1 -1 -1 -1 -1 -1 -1 -1 -1 -1 -1 -1 -1 -1 -1 -1 -1 -1 -1 -1 -1 -1 -1 -1 -1 -1 -1 -1 -1
1883.0,878 722 1857 506 679 234 1857 1313 998 1154 214 960 35 817 528 1801 1411 812 1053 1657 679 359 1707 432 615 381 366 1952 350 163 1909 714 1232 563 1116 812 2014 302 551 432 1786 726 1834 1216 172 1127 1858 955 1419 163 770 1911 433 0 -1 -1 -1 -1 -1 -1 -1 -1 -1 -1 -1 -1 -1 -1 -1 -1
1911.0,878 506 722 481 368 234 1857 1230 1036 1502 817 1427 1427 359 359 995 1614 1723 615 1852 998 1462 374 412 862 907 171 817 2061 571 1873 1765 742 2047 369 603 337 1954 2063 551 544 1998 1301 1161 146 1419 1910 1107 947 1692 1911 2014 399 0 -1 -1 -1 -1 -1 -1 -1 -1 -1 -1 -1 -1 -1 -1 -1 -1
1869.5,878 1346 42 506 368 1230 752 1745 1614 1502 998 242 1411 1572 1259 740 1160 995 146 960 1053 817 1707 1801 1479 1505 1983 1646 528 71 777 1349 1725 529 1154 481 136 42 2059 953 626 1005 1540 1010 1010 1392 615 1010 1419 1045 366 1191 350 770 1909 1863 1958 953 1116 1888 1732 1587 2016 1191 1249 344 45 1906 2016 1191
1907.5,878 757 1857 995 368 787 801 1801 998 1462 1420 1863 599 1685 1050 2020 1896 551 146 1952 35 234 1053 1176 1733 1505 1910 395 1036 817 366 1175 350 2014 399 399 35 770 2042 90 1707 0 -1 -1 -1 -1 -1 -1 -1 -1 -1 -1 -1 -1 -1 -1 -1 -1 -1 -1 -1 -1 -1 -1 -1 -1 -1 -1 -1 -1
1920.0,878 757 1857 234 368 787 801 506 998 1863 146 1475 1917 412 851 1764 697 922 1053 770 246 936 2059 1664 481 388 42 551 322 0 -1 -1 -1 -1 -1 -1 -1 -1 -1 -1 -1 -1 -1 -1 -1 -1 -1 -1 -1 -1 -1 -1 -1 -1 -1 -1 -1 -1 -1 -1 -1 -1 -1 -1 -1 -1 -1 -1 -1 -1
1886.5,878 757 1857 234 368 787 801 506 998 1801 146 995 528 960 1053 412 1910 1176 246 1900 302 722 481 560 1954 1964 16 1953 1739 1856 896 509 1495 1320 1036 567 198 733 452 1535 1633 1346 33 1265 611 1178 316 1127 388 1225 1848 1392 1725 938 374 1264 1503 907 171 1969 201 778 1495 1375 614 416 742 801 1127 661
1892.5,878 995 334 1346 2052 506 999 757 1927 1801 591 960 817 1320 722 240 1264 412 615 922 807 770 1306 2014 1614 740 740 1909 556 1960 862 783 992 1952 1467 1756 32 1694 -1 -1 -1 -1 -1 -1 -1 -1 -1 -1 -1 -1 -1 -1 -1 -1 -1 -1 -1 -1 -1 -1 -1 -1 -1 -1 -1 -1 -1 -1 -1 -1
2157.0,878 757 1857 1801 368 787 801 551 1614 111 35 506 998 817 1036 234 817 1176 1183 1505 528 1320 752 1657 1112 412 879 1863 1646 629 1716 1045 1770 432 1887 656 1739 1873 481 136 242 476 1954 1954 1554 0 -1 -1 -1 -1 -1 -1 -1 -1 -1 -1 -1 -1 -1 -1 -1 -1 -1 -1 -1 -1 -1 -1 -1 -1
1876.0,878 1346 42 1959 998 2016 1036 1502 1857 412 368 506 817 995 1264 783 1346 757 1726 129 1917 817 1420 648 901 117 129 1713 998 1801 1138 978 1937 1557 481 1045 1614 885 35 947 1834 262 1436 1183 1301 464 753 1692 752 1320 1112 770 1264 1392 1183 1 283 0 -1 -1 -1 -1 -1 -1 -1 -1 -1 -1 -1 -1
1854.5,878 1502 998 1346 1857 473 1313 506 734 530 368 551 1945 111 1917 817 817 240 1306 1723 851 1745 862 2014 35 481 118 742 1264 1392 1614 1887 1828 953 1186 1186 369 1962 1983 1490 407 1191 1745 412 1264 288 889 1533 609 0 -1 -1 -1 -1 -1 -1 -1 -1 -1 -1 -1 -1 -1 -1 -1 -1 -1 -1 -1 -1
1714.0,878 722 1857 1346 679 1462 42 506 1036 136 817 817 1306 624 368 1764 284 0 -1 -1 -1 -1 -1 -1 -1 -1 -1 -1 -1 -1 -1 -1 -1 -1 -1 -1 -1 -1 -1 -1 -1 -1 -1 -1 -1 -1 -1 -1 -1 -1 -1 -1 -1 -1 -1 -1 -1 -1 -1 -1 -1 -1 -1 -1 -1 -1 -1 -1 -1 -1
1842.5,878 757 1857 551 1614 111 368 787 801 1801 35 506 998 234 1036 1657 817 1863 1945 989 1910 2047 1848 817 1664 1598 528 722 1169 2020 1055 1992 8 1657 1050 1050 32 701 992 812 1314 1764 722 510 1597 353 1791 859 333 1997 1275 1409 1200 679 1669 0 -1 -1 -1 -1 -1 -1 -1 -1 -1 -1 -1 -1 -1 -1
1808.5,878 757 1857 995 368 1346 42 42 1167 1801 817 783 1614 740 1346 1863 356 1551 476 1646 998 1183 9 648 396 762 598 328 234 817 1380 432 1717 1054 862 1183 783 1045 1147 885 1203 787 1924 334 448 770 1112 432 549 231 151 860 1560 1306 231 538 1890 0 -1 -1 -1 -1 -1 -1 -1 -1 -1 -1 -1 -1
2112.5,878 757 1857 234 368 787 801 506 998 1863 146 995 1910 960 697 412 1053 1475 1909 1764 246 936 2014 240 302 969 1707 1657 2063 1045 1713 817 751 35 453 1349 481 1652 1669 0 -1 -1 -1 -1 -1 -1 -1 -1 -1 -1 -1 -1 -1 -1 -1 -1 -1 -1 -1 -1 -1 -1 -1 -1 -1 -1 -1 -1 -1 -1
1811.0,878 722 1857 506 679 234 1857 1313 998 1154 214 1801 35 1230 528 1427 719 960 1053 1911 1707 953 366 1863 1608 1045 1540 817 1350 551 350 1657 2015 1870 674 955 1983 1423 812 0 -1 -1 -1 -1 -1 -1 -1 -1 -1 -1 -1 -1 -1 -1 -1 -1 -1 -1 -1 -1 -1 -1 -1 -1 -1 -1 -1 -1 -1 -1
1796.0,878 722 1857 783 1917 506 368 1856 722 889 1306 214 171 2020 343 916 118 1160 530 1900 1162 641 998 234 1275 1176 481 1845 734 1953 639 50 1421 1713 817 243 1747 2047 992 503 862 421 900 350 366 1346 1915 0 -1 -1 -1 -1 -1 -1 -1 -1 -1 -1 -1 -1 -1 -1 -1 -1 -1 -1 -1 -1 -1 -1
1808.5,878 234 368 506 1411 1475 1306 722 1857 770 817 1502 230 960 1264 2014 359 359 1969 412 1375 1011 1917 573 249 1265 836 1764 83 812 308 1127 1588 288 679 1191 2061 783 1857 1909 885 1599 1927 1177 1917 350 1781 1723 -1 -1 -1 -1 -1 -1 -1 -1 -1 -1 -1 -1 -1 -1 -1 -1 -1 -1 -1 -1 -1 -1
1809.5,878 722 1857 1801 1917 1265 1664 647 1306 624 368 1856 817 214 249 506 814 1191 722 2020 285 234 1917 679 679 1419 1910 870 332 1200 894 1670 -1 -1 -1 -1 -1 -1 -1 -1 -1 -1 -1 -1 -1 -1 -1 -1 -1 -1 -1 -1 -1 -1 -1 -1 -1 -1 -1 -1 -1 -1 -1 -1 -1 -1 -1 -1 -1 -1
1734.5,878 506 722 1525 368 1346 1219 757 1380 777 1857 787 1167 1176 1675 639 927 1911 1099 328 817 817 1306 1392 1983 1505 35 560 1794 0 -1 -1 -1 -1 -1 -1 -1 -1 -1 -1 -1 -1 -1 -1 -1 -1 -1 -1 -1 -1 -1 -1 -1 -1 -1 -1 -1 -1 -1 -1 -1 -1 -1 -1 -1 -1 -1 -1 -1 -1
1726.5,878 995 368 1346 722 757 1306 117 1857 1801 1411 787 787 1176 817 801 998 914 1242 1265 1896 551 2061 328 1420 1863 599 1685 1219 1801 35 368 1275 1053 1664 1873 279 1954 1501 1022 1883 874 742 302 249 657 1411 1652 1873 281 471 722 117 878 2030 38 1917 1518 1863 1764 1151 1022 238 1603 922 1512 146 567 -1 -1
2091.5,878 757 1857 995 334 1801 230 551 1927 111 591 579 1306 817 817 1320 1264 49 807 234 368 787 787 953 366 1646 1633 789 611 216 171 1904 118 1164 249 1969 35 1505 350 1346 722 344 1301 836 1608 1168 464 464 1805 615 1416 1636 1617 1036 -1 -1 -1 -1 -1 -1 -1 -1 -1 -1 -1 -1 -1 -1 -1 -1
1913.0,878 757 1857 995 334 1346 230 1801 1927 506 591 368 817 722 1969 783 2061 817 556 1230 1785 1413 1945 812 1112 953 1393 770 1910 1992 349 2014 722 481 302 679 679 930 1713 1930 388 1988 862 1993 1615 1959 341 860 751 1216 51 2016 478 1337 974 729 472 1001 1517 1392 1252 1533 1873 302 1863 1320 -1 -1 -1 -1
1750.5,878 1346 42 506 1167 1176 1036 995 1726 129 1857 1801 368 889 1306 624 146 817 817 770 1619 894 230 755 1614 1427 1427 801 246 322 1200 1068 1312 571 1785 914 719 1238 1428 1249 1633 302 1394 1946 332 1910 1200 2063 1236 10 1924 1295 351 1268 1301 28 351 1521 -1 -1 -1 -1 -1 -1 -1 -1 -1 -1 -1 -1
1706.0,878 757 1857 234 368 302 1588 1127 988 182 998 841 35 412 1167 1801 817 1863 1917 995 851 1346 136 42 1959 506 1057 783 568 328 1747 551 146 510 777 777 992 381 1120 0 -1 -1 -1 -1 -1 -1 -1 -1 -1 -1 -1 -1 -1 -1 -1 -1 -1 -1 -1 -1 -1 -1 -1 -1 -1 -1 -1 -1 -1 -1
1758.5,878 1346 42 1959 998 1045 1857 506 368 995 1411 960 817 817 146 1863 1200 1764 1306 1313 777 1349 1535 1502 528 922 455 770 1857 302 1411 240 1657 571 1910 679 1205 953 1036 757 1848 1427 1665 787 452 412 787 953 1264 1612 308 714 332 1355 1301 955 1945 1792 1393 896 896 927 374 137 -1 -1 -1 -1 -1 -1
1733.0,878 551 368 111 998 234 35 1502 752 117 528 506 1053 817 1707 1873 366 2061 350 1484 1909 506 1275 1725 1112 757 1645 865 926 404 722 359 359 289 530 1998 1875 0 -1 -1 -1 -1 -1 -1 -1 -1 -1 -1 -1 -1 -1 -1 -1 -1 -1 -1 -1 -1 -1 -1 -1 -1 -1 -1 -1 -1 -1 -1 -1 -1
1713.0,878 722 1857 1801 1917 506 368 1856 817 1462 722 848 801 1790 1036 947 1195 1436 1857 880 146 1080 598 1191 615 551 203 1001 230 249 694 0 -1 -1 -1 -1 -1 -1 -1 -1 -1 -1 -1 -1 -1 -1 -1 -1 -1 -1 -1 -1 -1 -1 -1 -1 -1 -1 -1 -1 -1 -1 -1 -1 -1 -1 -1 -1 -1 -1
1893.5,878 1346 42 1502 1217 915 1857 722 1300 1863 1467 1872 679 1952 1197 551 1202 1178 1090 1536 615 1873 934 1996 817 49 598 1178 998 1462 334 302 862 506 1175 421 1915 1225 44 1178 258 1953 1725 907 171 848 -1 -1 -1 -1 -1 -1 -1 -1 -1 -1 -1 -1 -1 -1 -1 -1 -1 -1 -1 -1 -1 -1 -1 -1
2127.5,878 234 368 506 998 1475 1857 722 1917 960 817 1502 2061 412 1264 770 851 2014 1873 1011 359 359 481 242 679 1419 42 755 1614 848 1927 573 757 841 234 1611 -1 -1 -1 -1 -1 -1 -1 -1 -1 -1 -1 -1 -1 -1 -1 -1 -1 -1 -1 -1 -1 -1 -1 -1 -1 -1 -1 -1 -1 -1 -1 -1 -1 -1
2016.5,878 757 1857 1801 368 787 801 117 1081 506 998 995 35 289 1725 2020 1036 1320 817 922 1910 722 302 1053 481 136 42 76 1614 234 1301 1845 2052 714 1664 2021 1200 770 345 1952 757 55 177 177 55 953 1502 1057 1264 0 -1 -1 -1 -1 -1 -1 -1 -1 -1 -1 -1 -1 -1 -1 -1 -1 -1 -1 -1 -1
1774.0,878 722 1857 1801 1917 2020 998 395 481 641 390 1587 1600 1726 368 801 801 1906 1420 889 1306 1191 1464 0 -1 -1 -1 -1 -1 -1 -1 -1 -1 -1 -1 -1 -1 -1 -1 -1 -1 -1 -1 -1 -1 -1 -1 -1 -1 -1 -1 -1 -1 -1 -1 -1 -1 -1 -1 -1 -1 -1 -1 -1 -1 -1 -1 -1 -1 -1
1774.0,878 722 1857 1801 1917 506 368 1856 817 1313 1264 960 1186 817 1264 1462 1306 624 801 801 927 1392 2031 179 35 1764 284 281 1917 1882 284 922 1917 465 465 907 1731 0 -1 -1 -1 -1 -1 -1 -1 -1 -1 -1 -1 -1 -1 -1 -1 -1 -1 -1 -1 -1 -1 -1 -1 -1 -1 -1 -1 -1 -1 -1 -1 -1
2101.5,878 722 1857 1801 1917 1265 1664 647 1306 624 817 234 249 953 368 1856 787 1733 1416 579 998 817 862 1834 900 2063 1945 955 1264 302 1588 661 481 271 760 733 597 75 -1 -1 -1 -1 -1 -1 -1 -1 -1 -1 -1 -1 -1 -1 -1 -1 -1 -1 -1 -1 -1 -1 -1 -1 -1 -1 -1 -1 -1 -1 -1 -1
1694.5,878 995 334 1863 2052 770 368 1320 999 922 1306 2014 1081 111 1411 1909 1155 350 817 2020 1910 1801 1346 143 1726 1726 302 1053 1036 1535 790 1022 1713 1930 615 302 1313 1432 862 328 885 1097 787 896 879 714 1512 366 1501 1661 769 915 1300 885 1868 9 -1 -1 -1 -1 -1 -1 -1 -1 -1 -1 -1 -1 -1 -1
1714.0,878 722 1857 506 679 234 1857 1745 1588 1200 1917 551 802 2015 334 2047 998 111 146 1952 1162 1178 35 302 1053 1392 528 1801 146 436 1707 1320 2059 728 1300 1863 140 1953 1708 1906 1467 240 1675 1191 562 1603 1868 1392 1775 757 1810 0 -1 -1 -1 -1 -1 -1 -1 -1 -1 -1 -1 -1 -1 -1 -1 -1 -1 -1
1616.0,878 1764 284 757 1857 1873 998 1336 817 1449 368 833 9 1346 42 787 1203 995 1726 1713 1264 328 1600 129 738 1075 1138 1906 862 350 1394 2014 414 1216 783 503 1018 777 1018 1953 143 32 626 1178 1264 1953 366 714 1420 1533 609 113 998 1178 212 1953 551 509 1405 778 276 1178 1618 1953 1307 509 1424 0 -1 -1
1616.0,878 1346 42 1502 1217 915 1857 506 1300 812 817 1873 368 2014 227 770 1600 1713 998 1320 1264 2061 1467 186 862 1505 1300 216 171 1200 1186 1939 1411 722 1340 186 697 1216 339 1906 1197 0 -1 -1 -1 -1 -1 -1 -1 -1 -1 -1 -1 -1 -1 -1 -1 -1 -1 -1 -1 -1 -1 -1 -1 -1 -1 -1 -1 -1
1616.0,878 1346 42 722 1726 1713 1917 1873 1857 2061 817 2014 368 770 1264 757 129 1320 1278 960 227 1017 1490 129 1138 1801 769 0 -1 -1 -1 -1 -1 -1 -1 -1 -1 -1 -1 -1 -1 -1 -1 -1 -1 -1 -1 -1 -1 -1 -1 -1 -1 -1 -1 -1 -1 -1 -1 -1 -1 -1 -1 -1 -1 -1 -1 -1 -1 -1
1699.0,878 722 1857 1801 1300 234 1306 506 368 1176 1346 76 1675 1508 817 960 1614 817 998 1845 1725 720 1664 1845 35 1320 1301 903 892 1502 757 988 55 55 234 1911 818 818 1520 1845 35 953 308 1109 1055 1355 1945 641 4 1160 11 76 518 960 414 409 769 1997 2021 1685 -1 -1 -1 -1 -1 -1 -1 -1 -1 -1
1714.0,878 722 1857 506 679 234 1857 1230 998 1346 722 510 1036 1462 368 1801 1945 812 455 801 927 757 1416 817 2026 551 1600 1713 1834 368 1002 2015 347 955 146 1216 468 322 723 1737 1053 404 1421 955 1200 327 455 503 1736 860 2020 1873 366 2061 1990 1735 292 0 -1 -1 -1 -1 -1 -1 -1 -1 -1 -1 -1 -1
1714.0,368 1801 1346 877 878 506 1664 1320 279 279 1411 722 1857 757 679 234 1857 510 817 2014 709 1952 1619 1230 1945 1427 1242 1216 1650 1587 1910 117 332 344 284 281 1481 358 311 1587 1536 1937 1132 1996 998 478 1846 503 1420 359 1205 960 234 1922 1280 1216 995 1863 1321 1587 1193 1433 421 503 859 1551 598 112 124 0
1714.0,878 722 1857 1801 1917 506 334 1265 1306 234 817 817 230 1230 1945 1427 1870 953 1264 978 368 877 814 908 988 1969 1366 72 35 1299 615 1320 992 757 455 1295 1313 1313 1683 506 1550 1191 1120 0 -1 -1 -1 -1 -1 -1 -1 -1 -1 -1 -1 -1 -1 -1 -1 -1 -1 -1 -1 -1 -1 -1 -1 -1 -1 -1
1714.0,878 1801 1857 1346 42 1646 1167 1176 1675 1794 817 1053 1614 722 679 754 368 506 1361 1183 416 1873 516 783 126 32 1375 2063 1895 1484 118 288 836 51 8 1255 226 2061 1112 1725 1664 1320 879 456 8 421 900 2014 757 55 255 350 19 1953 1501 1392 104 1178 321 0 -1 -1 -1 -1 -1 -1 -1 -1 -1 -1
1714.0,878 722 1857 506 998 1801 1300 1462 817 817 334 907 171 1346 42 877 679 1502 698 1764 851 1948 694 1392 368 922 1217 49 146 1612 246 1900 286 1191 1024 1587 47 1225 936 705 136 228 1138 1713 1264 843 1253 1178 272 778 1618 509 130 1953 51 1505 401 0 -1 -1 -1 -1 -1 -1 -1 -1 -1 -1 -1 -1
1714.0,878 722 1857 1801 1300 506 334 1346 679 1176 639 1794 722 641 817 1419 1264 1200 473 473 998 381 1834 350 28 1178 1419 509 646 783 898 1022 344 1502 1467 778 1991 0 -1 -1 -1 -1 -1 -1 -1 -1 -1 -1 -1 -1 -1 -1 -1 -1 -1 -1 -1 -1 -1 -1 -1 -1 -1 -1 -1 -1 -1 -1 -1 -1
1714.0,878 722 1857 1801 1917 1346 42 1462 1217 1872 817 506 679 755 516 1191 72 1366 -1 -1 -1 -1 -1 -1 -1 -1 -1 -1 -1 -1 -1 -1 -1 -1 -1 -1 -1 -1 -1 -1 -1 -1 -1 -1 -1 -1 -1 -1 -1 -1 -1 -1 -1 -1 -1 -1 -1 -1 -1 -1 -1 -1 -1 -1 -1 -1 -1 -1 -1 -1
1714.0,878 1801 368 722 1346 885 1306 1420 284 1502 1411 1764 1857 1952 679 1205 1197 1587 1546 186 221 506 722 404 530 1900 2052 1536 1200 2036 734 186 347 2015 1200 2023 146 1486 35 627 1312 49 742 1392 1266 242 897 634 1053 1664 1614 626 938 449 1707 1001 1988 1191 1602 1906 25 1953 1533 0 -1 -1 -1 -1 -1 -1
2031.5,878 234 368 551 998 111 35 995 1910 328 1857 817 1036 1502 817 560 528 240 1909 722 302 1856 952 506 2014 1313 1313 1057 1312 953 1645 865 992 1346 699 404 1657 412 1230 757 1868 368 1792 302 -1 -1 -1 -1 -1 -1 -1 -1 -1 -1 -1 -1 -1 -1 -1 -1 -1 -1 -1 -1 -1 -1 -1 -1 -1 -1
2036.0,878 757 1857 1801 368 787 801 506 998 801 927 1346 42 722 1546 960 1167 1191 862 1265 817 848 615 1863 698 1764 851 947 900 1045 234 1685 992 1946 766 404 1731 0 -1 -1 -1 -1 -1 -1 -1 -1 -1 -1 -1 -1 -1 -1 -1 -1 -1 -1 -1 -1 -1 -1 -1 -1 -1 -1 -1 -1 -1 -1 -1 -1
1714.0,878 1801 1857 722 1917 1462 1306 624 817 506 368 1856 787 817 722 1200 1411 1346 1219 1050 1535 1230 35 978 646 1872 998 289 249 1513 1363 907 171 302 1657 1036 1747 1300 475 1533 533 1910 118 1962 1449 1036 1945 2014 871 1533 915 956 1874 1836 908 0 -1 -1 -1 -1 -1 -1 -1 -1 -1 -1 -1 -1 -1 -1
1714.0,878 722 1857 506 679 1313 615 1320 28 49 2062 960 1235 1075 476 509 790 1953 1158 0 -1 -1 -1 -1 -1 -1 -1 -1 -1 -1 -1 -1 -1 -1 -1 -1 -1 -1 -1 -1 -1 -1 -1 -1 -1 -1 -1 -1 -1 -1 -1 -1 -1 -1 -1 -1 -1 -1 -1 -1 -1 -1 -1 -1 -1 -1 -1 -1 -1 -1
2087.0,368 506 1614 995 998 1462 1201 817 1411 1346 1857 757 817 1801 1725 907 171 1320 242 42 1576 1614 369 1392 2052 350 1264 1230 752 812 1141 366 878 1945 722 891 530 322 1910 801 787 1847 1711 837 2063 551 947 237 1976 1831 158 0 -1 -1 -1 -1 -1 -1 -1 -1 -1 -1 -1 -1 -1 -1 -1 -1 -1 -1
2090.0,368 995 878 1320 1411 757 1346 506 1614 350 998 848 1945 1657 1857 234 862 1475 817 366 1630 960 679 679 1910 62 1259 42 136 922 1394 817 722 302 530 246 302 1444 332 1392 1952 388 242 246 705 1138 1726 1346 2036 2020 783 1930 -1 -1 -1 -1 -1 -1 -1 -1 -1 -1 -1 -1 -1 -1 -1 -1 -1 -1
1714.0,878 722 1857 1801 1917 506 455 1462 516 2020 1090 1231 1175 1346 42 1145 1759 1906 998 1745 817 1872 334 381 1264 614 1340 812 1253 960 35 163 952 1930 129 1462 246 1900 1197 1587 1768 1225 1297 53 1418 0 -1 -1 -1 -1 -1 -1 -1 -1 -1 -1 -1 -1 -1 -1 -1 -1 -1 -1 -1 -1 -1 -1 -1 -1
1800.5,368 506 1614 995 998 1346 242 136 878 328 1857 551 1036 111 35 1320 528 240 1053 922 366 506 1657 1313 1313 1535 1167 1502 -1 -1 -1 -1 -1 -1 -1 -1 -1 -1 -1 -1 -1 -1 -1 -1 -1 -1 -1 -1 -1 -1 -1 -1 -1 -1 -1 -1 -1 -1 -1 -1 -1 -1 -1 -1 -1 -1 -1 -1 -1 -1
2121.0,368 302 146 770 1619 506 1201 234 998 2014 900 350 366 1909 1411 1863 1479 1801 1346 1646 1917 995 1725 1738 136 42 388 111 851 1346 288 1200 1959 1959 136 271 597 741 390 1953 1739 1415 1723 226 1839 1371 981 209 1318 778 1127 421 742 1764 351 1751 1142 1087 1247 960 2061 1177 2026 1725 1247 1889 -1 -1 -1 -1
1755.0,368 757 1346 234 1614 722 998 302 1927 506 591 960 878 817 1479 1863 2061 1475 817 281 1873 1764 733 760 1112 1432 1313 1313 1535 1608 308 1184 423 955 1142 146 1576 880 1910 1275 1617 240 351 2020 998 1992 -1 -1 -1 -1 -1 -1 -1 -1 -1 -1 -1 -1 -1 -1 -1 -1 -1 -1 -1 -1 -1 -1 -1 -1
2017.5,368 506 1614 995 998 1346 242 42 146 960 1201 817 1411 1502 308 1475 1479 770 1619 848 900 1549 752 757 220 1614 369 510 345 1392 817 146 878 473 1432 118 1416 907 1154 1410 722 1897 2063 1946 697 2020 481 1045 1619 455 709 212 539 955 1197 404 292 0 -1 -1 -1 -1 -1 -1 -1 -1 -1 -1 -1 -1
2010.0,368 995 878 1346 2052 757 42 42 999 1801 1300 1614 817 506 598 960 1657 1176 1306 679 359 848 1675 1794 1945 395 1857 1053 1112 836 308 1265 1950 740 862 770 1470 0 -1 -1 -1 -1 -1 -1 -1 -1 -1 -1 -1 -1 -1 -1 -1 -1 -1 -1 -1 -1 -1 -1 -1 -1 -1 -1 -1 -1 -1 -1 -1 -1
1821.5,878 722 1857 1801 1300 1265 1306 506 368 1856 722 848 787 889 998 484 171 234 817 817 1945 395 1850 1108 1411 359 308 302 359 955 992 2020 1747 1107 995 328 556 1910 742 51 1791 421 18 1054 1308 1107 44 726 671 955 1839 1603 453 1392 754 609 1613 860 221 955 1613 860 221 955 -1 -1 -1 -1 -1 -1
2057.5,878 995 368 1346 2052 506 722 1472 999 757 1306 1801 1411 787 787 1952 817 1205 359 1960 679 679 1197 1175 1081 551 615 111 1167 1191 2047 755 1081 722 35 0 -1 -1 -1 -1 -1 -1 -1 -1 -1 -1 -1 -1 -1 -1 -1 -1 -1 -1 -1 -1 -1 -1 -1 -1 -1 -1 -1 -1 -1 -1 -1 -1 -1 -1
1727.0,878 1952 368 722 359 1205 1917 1502 1197 551 1546 2020 683 111 1677 1231 1095 584 1857 1764 998 922 851 1845 1725 2047 618 1587 817 1392 480 1225 1747 778 722 1845 992 1269 995 1726 1200 111 506 246 246 421 1657 2049 752 2047 1664 240 639 1331 129 129 448 1917 1470 705 442 0 -1 -1 -1 -1 -1 -1 -1 -1
1763.5,878 757 1857 995 368 1346 42 787 1167 1176 1675 1794 1726 1713 817 1801 1306 214 1609 50 1154 1863 862 770 1144 509 1747 1359 892 1336 1030 0 -1 -1 -1 -1 -1 -1 -1 -1 -1 -1 -1 -1 -1 -1 -1 -1 -1 -1 -1 -1 -1 -1 -1 -1 -1 -1 -1 -1 -1 -1 -1 -1 -1 -1 -1 -1 -1 -1
2061.0,878 722 1857 1801 1300 506 334 1265 646 1217 817 783 230 1230 1945 33 1264 2020 807 770 1312 1247 35 510 836 880 368 1053 126 1366 1664 1535 679 359 1895 1856 118 1495 615 1443 879 334 286 1022 2061 1434 471 1764 1792 451 850 765 1640 626 1452 785 1042 765 1834 2036 1416 1473 471 629 -1 -1 -1 -1 -1 -1
1817.0,878 757 1857 234 368 787 801 506 998 551 35 111 752 817 528 1392 1053 1176 1909 1801 366 350 1414 1484 1917 1657 851 1505 1232 1969 1256 11 1169 560 1275 495 600 685 950 0 -1 -1 -1 -1 -1 -1 -1 -1 -1 -1 -1 -1 -1 -1 -1 -1 -1 -1 -1 -1 -1 -1 -1 -1 -1 -1 -1 -1 -1 -1
2023.5,878 757 1857 1801 1300 551 646 1217 334 111 1945 506 998 817 35 1320 528 240 2061 722 1275 1873 1645 865 1053 1952 366 1836 350 2014 1927 770 1232 1011 556 930 1338 860 503 1202 842 1986 1778 860 1910 1737 -1 -1 -1 -1 -1 -1 -1 -1 -1 -1 -1 -1 -1 -1 -1 -1 -1 -1 -1 -1 -1 -1 -1 -1
1751.0,878 722 1857 1801 1300 234 368 1856 801 1176 998 1863 646 1872 817 328 1910 573 35 960 1785 757 1857 817 481 1300 671 884 1027 436 448 14 345 1005 1112 573 302 1657 679 1010 1495 1186 28 1392 626 359 965 0 -1 -1 -1 -1 -1 -1 -1 -1 -1 -1 -1 -1 -1 -1 -1 -1 -1 -1 -1 -1 -1 -1
1976.5,878 995 368 234 998 506 1910 960 1857 817 1411 1502 817 1873 1945 1845 1725 1764 35 922 722 359 1205 481 136 1959 332 1887 455 551 1834 917 947 350 1249 0 -1 -1 -1 -1 -1 -1 -1 -1 -1 -1 -1 -1 -1 -1 -1 -1 -1 -1 -1 -1 -1 -1 -1 -1 -1 -1 -1 -1 -1 -1 -1 -1 -1 -1
1760.0,1201 551 361 111 334 506 2052 1346 1927 722 591 817 1306 812 1112 757 1576 1801 817 953 878 368 1614 1608 1910 350 1857 1266 1711 848 1141 1275 1945 996 846 1396 302 885 1203 1856 1952 1005 1798 626 1448 1320 356 366 1794 0 -1 -1 -1 -1 -1 -1 -1 -1 -1 -1 -1 -1 -1 -1 -1 -1 -1 -1 -1 -1
1752.0,878 757 1857 1801 368 787 801 234 998 1863 35 506 752 995 528 960 1053 412 1707 1764 1909 1664 218 1873 2014 240 366 2047 350 2061 915 1756 1520 841 551 2015 591 1414 1775 412 774 421 223 1112 694 1363 1725 1346 728 1456 1116 1537 1582 523 -1 -1 -1 -1 -1 -1 -1 -1 -1 -1 -1 -1 -1 -1 -1 -1
1732.5,752 1801 1252 722 1927 1092 1617 1562 610 506 998 234 1201 510 334 302 1910 1992 1650 551 544 812 1992 2020 118 1053 1264 885 1036 953 1649 1207 2018 2014 1368 243 880 890 1138 2049 2049 1873 351 1022 33 2061 1264 1270 1836 1392 1937 179 628 641 1874 1801 911 608 1420 1869 885 801 1828 1857 1664 1990 1617 1162 1924 313
1713.5,878 757 1857 1801 368 787 801 506 998 234 146 995 528 960 1053 1176 1910 801 927 817 1909 1436 777 1349 751 506 722 359 1205 481 136 42 1959 812 585 551 1411 1355 1707 947 1896 974 729 614 366 571 350 1001 2015 2015 1105 1643 1112 1010 1709 456 1589 634 606 1633 1234 1745 1127 1255 307 0 -1 -1 -1 -1
1996.0,878 722 1857 1801 1300 1265 1306 506 368 1856 722 1200 817 214 1154 1154 171 817 1612 234 146 953 1411 641 1792 551 1275 1392 1917 754 1057 1127 455 679 851 812 1600 1713 862 1175 1747 722 118 1001 992 395 1945 421 1147 836 499 1312 1633 846 846 836 146 770 118 1320 -1 -1 -1 -1 -1 -1 -1 -1 -1 -1
1993.0,878 1320 368 922 1411 551 1614 111 998 995 1857 328 35 817 528 1346 242 42 722 240 366 757 1275 787 1645 865 361 2047 350 1651 1259 436 2015 802 1312 49 528 836 1822 1057 926 186 407 1906 2023 334 1301 1743 141 525 -1 -1 -1 -1 -1 -1 -1 -1 -1 -1 -1 -1 -1 -1 -1 -1 -1 -1 -1 -1
1999.5,878 722 1857 1801 1300 579 1306 1346 679 473 817 1612 1467 1872 368 1457 62 49 1646 137 337 1036 1264 381 915 915 1228 960 118 817 1361 155 1891 1005 2031 1937 35 877 549 1863 374 1969 2061 1367 1805 1952 981 956 614 1533 145 186 270 206 442 1533 1495 1622 614 621 787 302 1131 1808 1867 2014 765 1910 69 1909
2085.0,878 1346 42 506 368 136 1857 1230 1036 995 1945 33 1614 1723 817 1801 35 1427 1427 701 1467 1872 356 1723 1281 953 1609 50 998 783 1200 481 879 1156 1112 1873 564 1520 988 1867 676 2061 1177 1292 26 1199 499 1640 1356 481 118 546 549 1527 981 757 1512 1614 -1 -1 -1 -1 -1 -1 -1 -1 -1 -1 -1 -1
1752.0,878 722 1857 1265 1917 506 334 110 1758 1435 1924 1502 1945 411 368 506 998 817 1393 1856 927 37 722 757 1817 1346 388 136 136 560 1264 1614 998 1801 862 1952 530 1745 2010 865 1243 1247 1403 404 556 978 1202 2015 1680 0 -1 -1 -1 -1 -1 -1 -1 -1 -1 -1 -1 -1 -1 -1 -1 -1 -1 -1 -1 -1
1778.0,878 757 1857 551 368 234 988 182 998 841 35 1888 1300 0 -1 -1 -1 -1 -1 -1 -1 -1 -1 -1 -1 -1 -1 -1 -1 -1 -1 -1 -1 -1 -1 -1 -1 -1 -1 -1 -1 -1 -1 -1 -1 -1 -1 -1 -1 -1 -1 -1 -1 -1 -1 -1 -1 -1 -1 -1 -1 -1 -1 -1 -1 -1 -1 -1 -1 -1
1744.0,878 551 1917 111 368 995 998 2020 615 234 1857 1320 146 922 777 113 722 1952 1102 246 1053 1346 1411 240 1657 679 359 111 1300 1502 698 1178 136 328 671 113 1983 571 620 603 337 1239 1868 1911 851 722 1910 1191 1205 111 995 350 15 1906 156 0 -1 -1 -1 -1 -1 -1 -1 -1 -1 -1 -1 -1 -1 -1
1749.0,878 722 1857 1801 1300 1265 1306 2020 817 1863 646 1217 368 1856 787 1733 998 1230 1945 1427 1242 1053 35 952 952 896 992 337 337 506 1983 381 738 759 333 1075 752 1178 361 1225 288 2014 1904 757 1112 1873 1252 1764 635 1614 1950 1950 1164 1131 392 207 1667 1257 1740 240 1586 1659 1657 679 -1 -1 -1 -1 -1 -1
1765.5,1201 1346 334 722 361 506 2052 812 1927 757 591 1801 1614 960 1112 817 1576 953 1301 1608 817 1266 1711 368 878 848 1945 395 1910 1952 302 551 1393 1067 1027 955 853 1910 349 1992 1615 1216 2049 1435 1215 262 456 1197 620 1912 332 193 1842 1868 355 244 -1 -1 -1 -1 -1 -1 -1 -1 -1 -1 -1 -1 -1 -1
1746.0,878 722 1857 1801 1917 234 368 1856 801 801 927 328 817 1801 1416 960 998 817 862 1863 2061 877 618 1176 481 146 709 1368 394 1109 481 1969 1256 11 1983 236 1306 567 992 1434 1375 1647 337 1190 481 770 1945 1392 697 1068 1264 1764 288 1873 -1 -1 -1 -1 -1 -1 -1 -1 -1 -1 -1 -1 -1 -1 -1 -1
2055.5,878 722 1857 1801 1300 1863 698 1764 851 506 817 783 2061 1313 1551 2047 1872 1948 694 1217 998 817 368 432 359 1239 1264 1952 1945 1745 862 381 1798 8 2067 2036 556 1946 1368 399 661 1255 314 757 1190 1191 1874 551 628 0 -1 -1 -1 -1 -1 -1 -1 -1 -1 -1 -1 -1 -1 -1 -1 -1 -1 -1 -1 -1
1732.0,878 757 1857 234 368 787 801 506 998 551 35 111 752 817 528 1392 1053 1801 1909 1657 1036 1176 1707 1505 366 1969 1256 11 350 1436 1282 1195 1232 436 2015 802 1169 350 1275 1911 481 226 1946 641 351 17 1027 1186 2042 1184 -1 -1 -1 -1 -1 -1 -1 -1 -1 -1 -1 -1 -1 -1 -1 -1 -1 -1 -1 -1
1770.0,878 722 1857 1801 1300 1863 698 506 817 960 1264 1764 851 817 1306 1346 42 136 679 679 1010 1502 334 783 1264 947 1927 620 956 288 8 8 1615 2014 956 1230 262 0 -1 -1 -1 -1 -1 -1 -1 -1 -1 -1 -1 -1 -1 -1 -1 -1 -1 -1 -1 -1 -1 -1 -1 -1 -1 -1 -1 -1 -1 -1 -1 -1
1801.5,878 1320 368 922 1411 551 1857 111 1306 995 35 328 230 234 817 817 1264 757 366 625 350 787 787 1646 547 722 1346 1845 807 302 2015 2015 146 1910 1725 186 1664 728 1303 1911 246 358 1435 1001 455 1269 1411 1887 1301 886 797 1600 42 885 547 947 -1 -1 -1 -1 -1 -1 -1 -1 -1 -1 -1 -1 -1 -1
1756.5,878 1346 42 1502 1217 915 1857 1745 1036 412 817 1053 334 1863 1927 1952 862 722 35 350 528 366 68 1813 930 878 862 783 1685 32 1868 1457 1572 1572 1966 381 998 1022 879 1657 481 755 1723 395 1560 997 332 0 -1 -1 -1 -1 -1 -1 -1 -1 -1 -1 -1 -1 -1 -1 -1 -1 -1 -1 -1 -1 -1 -1
1781.0,878 506 722 481 368 1723 1857 234 1945 359 679 1852 516 1145 1411 506 1909 0 -1 -1 -1 -1 -1 -1 -1 -1 -1 -1 -1 -1 -1 -1 -1 -1 -1 -1 -1 -1 -1 -1 -1 -1 -1 -1 -1 -1 -1 -1 -1 -1 -1 -1 -1 -1 -1 -1 -1 -1 -1 -1 -1 -1 -1 -1 -1 -1 -1 -1 -1 -1
1748.5,878 722 1857 1801 1917 770 368 801 801 1856 927 506 722 1897 998 1320 1792 281 754 2020 481 1560 851 922 35 182 998 1346 1219 1057 -1 -1 -1 -1 -1 -1 -1 -1 -1 -1 -1 -1 -1 -1 -1 -1 -1 -1 -1 -1 -1 -1 -1 -1 -1 -1 -1 -1 -1 -1 -1 -1 -1 -1 -1 -1 -1 -1 -1 -1
1710.0,878 1502 998 995 1857 506 368 960 1036 1346 722 1472 817 817 1124 757 35 1801 988 1520 1520 818 1910 1764 9 1863 1692 953 1857 1200 1411 72 1219 1050 455 551 1834 722 947 350 302 1067 1255 2036 1846 1107 478 878 1490 0 -1 -1 -1 -1 -1 -1 -1 -1 -1 -1 -1 -1 -1 -1 -1 -1 -1 -1 -1 -1
1725.5,878 757 1857 234 368 787 801 1801 998 506 146 551 528 111 1053 817 1910 801 927 848 528 907 1998 463 1275 1878 1875 0 -1 -1 -1 -1 -1 -1 -1 -1 -1 -1 -1 -1 -1 -1 -1 -1 -1 -1 -1 -1 -1 -1 -1 -1 -1 -1 -1 -1 -1 -1 -1 -1 -1 -1 -1 -1 -1 -1 -1 -1 -1 -1
1647.0,878 995 368 1320 1614 922 998 1346 722 740 1256 1863 1857 1427 1242 240 862 1764 851 1505 1053 757 988 255 1707 412 448 679 1239 1010 663 506 1791 1587 1983 759 1753 0 -1 -1 -1 -1 -1 -1 -1 -1 -1 -1 -1 -1 -1 -1 -1 -1 -1 -1 -1 -1 -1 -1 -1 -1 -1 -1 -1 -1 -1 -1 -1 -1
1739.0,1857 995 1927 1346 591 506 817 783 1614 740 1361 757 701 960 334 817 862 1863 2061 1176 1873 1801 1723 281 1301 722 679 1964 1328 639 639 1794 414 409 471 1801 356 1911 1883 381 249 1657 117 770 965 965 252 281 177 1485 1269 1801 1745 2004 471 281 716 1415 380 102 1176 639 878 506 1617 1313 596 1911 1240 551
1759.0,878 1346 42 1230 998 1647 -1 -1 -1 -1 -1 -1 -1 -1 -1 -1 -1 -1 -1 -1 -1 -1 -1 -1 -1 -1 -1 -1 -1 -1 -1 -1 -1 -1 -1 -1 -1 -1 -1 -1 -1 -1 -1 -1 -1 -1 -1 -1 -1 -1 -1 -1 -1 -1 -1 -1 -1 -1 -1 -1 -1 -1 -1 -1 -1 -1 -1 -1 -1 -1
2011.0,878 757 1857 551 1306 506 722 481 1917 1723 851 1614 369 1346 1945 111 817 817 1112 1801 1264 368 -1 -1 -1 -1 -1 -1 -1 -1 -1 -1 -1 -1 -1 -1 -1 -1 -1 -1 -1 -1 -1 -1 -1 -1 -1 -1 -1 -1 -1 -1 -1 -1 -1 -1 -1 -1 -1 -1 -1 -1 -1 -1 -1 -1 -1 -1 -1 -1
1753.0,878 722 1857 234 368 1856 801 1176 998 1801 35 551 528 111 1053 579 366 1952 350 2014 1917 801 952 770 1910 1863 399 212 770 827 827 1850 1817 1230 1105 1178 827 1525 728 2020 246 936 353 1764 1036 17 1268 1068 421 1587 2049 358 1152 1001 754 0 -1 -1 -1 -1 -1 -1 -1 -1 -1 -1 -1 -1 -1 -1
1755.5,878 757 1857 234 368 787 801 506 998 1863 146 722 246 322 481 1045 836 551 737 111 1917 817 851 812 528 240 1053 2047 366 350 1707 1313 1983 2047 615 1948 1363 302 752 1910 1969 1764 400 281 1983 1745 528 1334 760 524 1050 1652 1684 1505 1909 597 1116 0 -1 -1 -1 -1 -1 -1 -1 -1 -1 -1 -1 -1
1755.5,878 1346 42 1959 998 1045 368 506 1857 995 1411 1462 817 817 1725 624 146 770 1619 2014 227 212 709 1897 -1 -1 -1 -1 -1 -1 -1 -1 -1 -1 -1 -1 -1 -1 -1 -1 -1 -1 -1 -1 -1 -1 -1 -1 -1 -1 -1 -1 -1 -1 -1 -1 -1 -1 -1 -1 -1 -1 -1 -1 -1 -1 -1 -1 -1 -1
1733.0,878 757 1857 551 1306 1346 722 111 368 1801 1300 117 1467 1756 817 1230 862 1275 1850 773 1945 1176 230 836 1081 1320 995 129 1657 412 1909 1409 2061 817 1873 1614 2052 279 356 1952 1801 1836 1394 0 -1 -1 -1 -1 -1 -1 -1 -1 -1 -1 -1 -1 -1 -1 -1 -1 -1 -1 -1 -1 -1 -1 -1 -1 -1 -1
1788.0,878 757 1857 234 368 787 801 506 998 551 35 111 752 817 528 1801 1053 1176 1909 1346 42 136 136 0 -1 -1 -1 -1 -1 -1 -1 -1 -1 -1 -1 -1 -1 -1 -1 -1 -1 -1 -1 -1 -1 -1 -1 -1 -1 -1 -1 -1 -1 -1 -1 -1 -1 -1 -1 -1 -1 -1 -1 -1 -1 -1 -1 -1 -1 -1
1821.0,878 995 368 1346 998 1462 722 757 1725 484 171 328 1834 787 774 1216 505 412 1983 214 1857 625 366 679 679 1546 35 836 -1 -1 -1 -1 -1 -1 -1 -1 -1 -1 -1 -1 -1 -1 -1 -1 -1 -1 -1 -1 -1 -1 -1 -1 -1 -1 -1 -1 -1 -1 -1 -1 -1 -1 -1 -1 -1 -1 -1 -1 -1 -1
1782.0,878 722 1857 234 368 1856 801 506 998 960 862 817 528 1475 1053 2047 752 1863 1909 1490 35 240 366 1911 1600 1713 1036 907 1998 1657 1910 1436 1195 0 -1 -1 -1 -1 -1 -1 -1 -1 -1 -1 -1 -1 -1 -1 -1 -1 -1 -1 -1 -1 -1 -1 -1 -1 -1 -1 -1 -1 -1 -1 -1 -1 -1 -1 -1 -1
1799.5,878 234 368 551 998 111 35 506 752 817 528 1475 1053 1320 1909 922 366 1873 1275 722 1645 865 1346 2047 350 728 1300 49 177 1623 1479 1646 1707 953 1312 1845 1946 770 1868 2047 2015 802 1232 1764 1803 1067 803 186 827 1664 1946 827 1807 1216 1017 2055 1591 1191 -1 -1 -1 -1 -1 -1 -1 -1 -1 -1 -1 -1
1783.5,878 722 1857 1801 1300 506 334 848 817 350 998 1863 1917 1265 455 1346 388 812 1467 1872 1945 2020 1215 1215 615 880 1725 544 -1 -1 -1 -1 -1 -1 -1 -1 -1 -1 -1 -1 -1 -1 -1 -1 -1 -1 -1 -1 -1 -1 -1 -1 -1 -1 -1 -1 -1 -1 -1 -1 -1 -1 -1 -1 -1 -1 -1 -1 -1 -1
1836.5,878 1346 42 1959 998 755 1857 1502 1927 1230 591 995 817 412 368 783 1200 960 862 117 783 240 777 884 1983 817 1725 571 1945 33 1306 722 1868 1856 787 481 1946 1247 1692 0 -1 -1 -1 -1 -1 -1 -1 -1 -1 -1 -1 -1 -1 -1 -1 -1 -1 -1 -1 -1 -1 -1 -1 -1 -1 -1 -1 -1 -1 -1
1761.0,878 757 1857 234 368 787 801 506 998 1863 146 995 1910 960 697 770 246 246 1053 952 896 1801 374 722 302 885 1896 817 481 0 -1 -1 -1 -1 -1 -1 -1 -1 -1 -1 -1 -1 -1 -1 -1 -1 -1 -1 -1 -1 -1 -1 -1 -1 -1 -1 -1 -1 -1 -1 -1 -1 -1 -1 -1 -1 -1 -1 -1 -1
1835.0,878 506 722 481 368 234 1857 359 679 551 1917 1502 2052 240 982 679 679 111 817 817 1306 812 615 412 1264 1005 851 571 1904 0 -1 -1 -1 -1 -1 -1 -1 -1 -1 -1 -1 -1 -1 -1 -1 -1 -1 -1 -1 -1 -1 -1 -1 -1 -1 -1 -1 -1 -1 -1 -1 -1 -1 -1 -1 -1 -1 -1 -1 -1
1630.0,878 1502 368 1346 42 242 1411 1801 1306 506 862 995 1857 960 817 817 1945 1863 230 1764 1725 922 1657 679 1239 1505 1909 783 1857 240 1685 1392 900 1952 308 722 423 186 1591 1587 359 1205 1747 878 99 1808 297 0 -1 -1 -1 -1 -1 -1 -1 -1 -1 -1 -1 -1 -1 -1 -1 -1 -1 -1 -1 -1 -1 -1
1844.5,878 995 368 1346 998 506 722 1472 1910 757 1857 1801 35 960 528 817 988 818 1053 1176 1707 877 1909 0 -1 -1 -1 -1 -1 -1 -1 -1 -1 -1 -1 -1 -1 -1 -1 -1 -1 -1 -1 -1 -1 -1 -1 -1 -1 -1 -1 -1 -1 -1 -1 -1 -1 -1 -1 -1 -1 -1 -1 -1 -1 -1 -1 -1 -1 -1
2000.0,878 757 1857 995 368 787 801 1863 1411 1764 2061 1664 817 412 2052 922 1264 1801 867 506 1969 1346 42 136 2063 960 1138 506 1018 1349 947 1408 83 817 35 837 762 571 1411 1112 1948 1646 2047 1269 1945 62 62 1745 146 1005 246 1900 322 0 -1 -1 -1 -1 -1 -1 -1 -1 -1 -1 -1 -1 -1 -1 -1 -1
1763.0,878 995 368 757 1346 722 1614 234 998 1863 1857 506 1927 1230 591 960 817 817 1945 33 2061 1475 1909 1247 556 1723 1202 802 1112 1475 1910 1992 8 412 722 359 146 978 246 2049 1200 1065 1142 506 234 656 1380 609 734 1900 125 1001 374 1764 1551 1551 841 2021 231 1652 -1 -1 -1 -1 -1 -1 -1 -1 -1 -1
1779.5,878 1801 1857 722 1917 1265 1664 647 1306 624 817 1733 368 880 1346 98 1361 234 1183 770 1375 573 2061 1873 1167 1176 1675 50 836 638 884 1349 285 1011 1927 2014 1301 573 1614 1109 757 988 234 1050 249 641 1069 1587 1192 451 1784 634 859 859 1770 1360 412 714 436 201 1617 1032 1091 1888 248 28 -1 -1 -1 -1
1769.0,878 722 1857 234 368 1856 801 1801 1300 1176 817 506 998 960 35 1657 1675 1794 1945 1969 1141 817 1910 757 836 1922 1112 1313 1082 955 1313 0 -1 -1 -1 -1 -1 -1 -1 -1 -1 -1 -1 -1 -1 -1 -1 -1 -1 -1 -1 -1 -1 -1 -1 -1 -1 -1 -1 -1 -1 -1 -1 -1 -1 -1 -1 -1 -1 -1
1718.5,878 1320 368 922 998 506 1411 995 615 1462 118 907 171 770 1910 1897 1857 1801 817 2014 302 1909 1124 880 1713 1107 813 1953 722 421 262 262 1308 1107 742 509 332 908 908 725 1904 1346 1219 1366 1850 1178 1646 1216 481 2036 1002 970 862 328 884 627 1264 127 1924 873 549 0 -1 -1 -1 -1 -1 -1 -1 -1
1689.0,878 995 368 1346 998 757 42 787 927 42 1959 1959 136 783 1857 328 1167 1176 1675 639 884 777 862 817 1053 506 2059 1265 226 848 900 1425 254 254 1147 1265 714 1320 1174 1005 748 35 131 1265 2052 551 1081 345 448 1844 -1 -1 -1 -1 -1 -1 -1 -1 -1 -1 -1 -1 -1 -1 -1 -1 -1 -1 -1 -1
1704.5,878 1863 368 1764 1857 922 998 1664 481 995 288 1535 35 1427 1242 1346 1053 506 1411 1475 1306 757 343 343 1707 1873 1301 2061 1190 1725 1112 1505 438 769 769 960 366 817 350 408 1301 1505 770 665 2025 1207 1707 1192 1896 1260 -1 -1 -1 -1 -1 -1 -1 -1 -1 -1 -1 -1 -1 -1 -1 -1 -1 -1 -1 -1
1961.5,878 995 368 1346 998 1462 722 328 1725 484 171 757 1834 836 1411 787 1127 1588 774 421 1275 240 1857 1952 817 1836 1653 1011 1747 812 801 1178 1883 281 530 412 584 1998 1600 1392 564 841 1520 1925 911 1867 908 546 475 1225 1293 1867 1392 1869 1925 0 -1 -1 -1 -1 -1 -1 -1 -1 -1 -1 -1 -1 -1 -1
1779.0,878 722 1857 1801 1917 506 368 1856 817 234 801 1657 851 1230 752 33 998 960 146 770 1619 2014 900 953 836 1053 1239 359 1609 1683 671 609 992 1502 448 240 1055 2047 361 1948 1363 1247 998 1764 1517 778 1972 1873 1664 2061 1582 629 51 705 1138 1713 1904 1725 1891 23 2047 611 442 1869 161 0 -1 -1 -1 -1
1709.5,878 1801 1857 302 1588 1346 368 1127 1300 506 817 1863 1306 755 1467 1872 230 995 1264 960 1657 817 982 742 862 1045 900 432 249 2063 356 757 1888 787 787 783 240 639 1794 978 556 1820 1648 1834 1888 2036 1798 0 -1 -1 -1 -1 -1 -1 -1 -1 -1 -1 -1 -1 -1 -1 -1 -1 -1 -1 -1 -1 -1 -1
1699.5,878 995 368 1587 998 551 1910 111 1857 506 1917 1392 817 1191 722 510 1411 404 1909 1769 8 1346 528 757 1945 1614 1036 1801 1275 495 1249 1533 455 117 2061 1847 927 801 1848 416 879 885 1649 1239 1420 9 1551 1952 1857 783 885 722 1320 1856 587 475 369 2014 1747 812 1138 0 -1 -1 -1 -1 -1 -1 -1 -1
1717.0,998 551 1112 111 1576 234 334 506 1201 817 1927 757 591 1801 1479 412 528 1863 1053 1764 366 922 350 1109 2015 802 481 136 897 955 100 865 878 885 926 634 505 1291 1707 388 42 2037 1234 791 410 1425 81 1001 1689 634 81 112 387 0 -1 -1 -1 -1 -1 -1 -1 -1 -1 -1 -1 -1 -1 -1 -1 -1
1689.5,878 757 1857 1801 368 787 801 1657 998 234 1910 573 1917 995 817 1863 302 1657 851 506 146 960 1713 1713 246 246 1197 573 1600 2020 481 1930 16 1587 1600 129 129 1433 1823 1900 351 1227 944 1587 754 1657 374 1836 1614 701 1495 1657 32 1438 1249 103 1927 1178 853 1587 1416 381 249 1191 965 856 1794 1001 1045 0
1668.0,878 995 368 1346 998 473 1313 506 734 322 1857 1801 1411 722 146 755 359 679 817 62 1966 812 1012 1502 368 770 1619 0 -1 -1 -1 -1 -1 -1 -1 -1 -1 -1 -1 -1 -1 -1 -1 -1 -1 -1 -1 -1 -1 -1 -1 -1 -1 -1 -1 -1 -1 -1 -1 -1 -1 -1 -1 -1 -1 -1 -1 -1 -1 -1
1756.0,878 757 1857 234 368 787 801 506 998 1863 1945 722 1169 812 1909 1436 1215 1195 35 1801 528 960 1053 412 481 656 1733 812 16 1178 751 551 998 885 1707 1505 1739 476 952 1856 927 1764 722 676 1256 1950 1219 1922 1200 1873 564 1906 1600 1713 1783 436 1321 0 -1 -1 -1 -1 -1 -1 -1 -1 -1 -1 -1 -1
1834.0,878 757 1857 995 368 787 801 1801 998 1863 35 412 697 1657 1896 506 1053 783 1910 573 722 510 1834 1462 1895 907 171 1998 1411 328 302 481 1713 1726 2059 1646 345 0 -1 -1 -1 -1 -1 -1 -1 -1 -1 -1 -1 -1 -1 -1 -1 -1 -1 -1 -1 -1 -1 -1 -1 -1 -1 -1 -1 -1 -1 -1 -1 -1
1742.5,878 1346 42 1502 1217 915 368 927 927 801 1411 1745 1127 661 1857 995 862 506 998 1462 1053 817 452 1109 1420 1265 1692 72 1685 1685 32 1355 663 481 333 859 1614 1191 242 42 885 1863 752 551 1264 1952 392 186 145 1517 1301 714 236 1587 361 1225 1527 1808 460 112 317 1899 1683 0 -1 -1 -1 -1 -1 -1
1758.5,878 757 1857 1863 368 787 801 234 1614 995 998 1801 35 412 1036 506 1183 960 817 1320 1910 281 302 817 1230 1392 1112 1657 1608 1764 885 1950 1713 1713 542 955 1950 129 1600 1160 481 28 -1 -1 -1 -1 -1 -1 -1 -1 -1 -1 -1 -1 -1 -1 -1 -1 -1 -1 -1 -1 -1 -1 -1 -1 -1 -1 -1 -1
1801.5,878 1346 42 1959 998 560 368 506 118 1230 752 33 1917 1801 1664 1746 1300 927 1479 1560 -1 -1 -1 -1 -1 -1 -1 -1 -1 -1 -1 -1 -1 -1 -1 -1 -1 -1 -1 -1 -1 -1 -1 -1 -1 -1 -1 -1 -1 -1 -1 -1 -1 -1 -1 -1 -1 -1 -1 -1 -1 -1 -1 -1 -1 -1 -1 -1 -1 -1
1796.0,878 722 1857 1801 1917 1265 1664 234 55 988 817 1230 334 506 1576 817 230 1392 1945 33 1785 953 556 1863 2061 571 836 1646 851 1764 1551 1551 332 1801 1910 1992 1615 1247 246 1900 853 1127 1255 885 2049 1948 1948 1614 2047 1775 1295 1966 1966 1664 374 1517 1249 503 1081 1192 351 1513 908 1671 124 1001 1561 1735 1209 1233
1810.5,878 722 1857 1801 1917 1265 1664 647 1306 960 817 234 368 1856 787 812 1346 1657 1726 701 813 1145 125 1906 1160 506 998 953 146 421 246 246 992 163 481 1505 1747 1502 734 322 722 359 -1 -1 -1 -1 -1 -1 -1 -1 -1 -1 -1 -1 -1 -1 -1 -1 -1 -1 -1 -1 -1 -1 -1 -1 -1 -1 -1 -1
1813.5,878 722 1857 1801 1917 1265 1664 1733 1306 579 455 817 2063 770 814 955 368 1856 817 234 1764 1657 851 334 2052 1230 947 1036 1969 86 1896 212 709 432 944 404 1180 1346 897 1836 814 725 516 1184 1142 0 -1 -1 -1 -1 -1 -1 -1 -1 -1 -1 -1 -1 -1 -1 -1 -1 -1 -1 -1 -1 -1 -1 -1 -1
1873.0,878 1346 42 506 368 136 1917 1502 1857 1230 1945 33 1306 995 1909 1247 1657 240 1202 2015 1361 155 1891 1504 851 1154 1983 732 2061 1646 615 1575 285 880 4 697 -1 -1 -1 -1 -1 -1 -1 -1 -1 -1 -1 -1 -1 -1 -1 -1 -1 -1 -1 -1 -1 -1 -1 -1 -1 -1 -1 -1 -1 -1 -1 -1 -1 -1
1442.0,878 757 1857 234 368 787 801 506 998 1863 146 722 1081 770 246 322 481 1249 1769 0 -1 -1 -1 -1 -1 -1 -1 -1 -1 -1 -1 -1 -1 -1 -1 -1 -1 -1 -1 -1 -1 -1 -1 -1 -1 -1 -1 -1 -1 -1 -1 -1 -1 -1 -1 -1 -1 -1 -1 -1 -1 -1 -1 -1 -1 -1 -1 -1 -1 -1
1442.0,878 551 368 1275 1850 773 998 302 1917 1320 1857 995 817 922 528 1432 1807 866 719 1427 361 1346 1107 1307 1312 421 1394 742 1534 350 1167 1801 660 0 -1 -1 -1 -1 -1 -1 -1 -1 -1 -1 -1 -1 -1 -1 -1 -1 -1 -1 -1 -1 -1 -1 -1 -1 -1 -1 -1 -1 -1 -1 -1 -1 -1 -1 -1 -1
1442.0,878 1320 368 49 177 1623 998 757 1857 995 1346 1614 817 1462 1726 907 1289 1794 1609 50 171 381 285 2047 1520 55 1144 1587 859 1075 201 778 1657 506 516 421 1657 1313 752 1154 442 1869 1586 1832 599 207 475 1474 1819 629 628 696 1458 1740 1297 1153 818 471 1909 392 1248 0 -1 -1 -1 -1 -1 -1 -1 -1
1442.0,878 757 1857 234 368 787 801 506 998 722 1167 1176 1675 1794 836 1801 817 381 146 770 246 1900 481 1216 745 0 -1 -1 -1 -1 -1 -1 -1 -1 -1 -1 -1 -1 -1 -1 -1 -1 -1 -1 -1 -1 -1 -1 -1 -1 -1 -1 -1 -1 -1 -1 -1 -1 -1 -1 -1 -1 -1 -1 -1 -1 -1 -1 -1 -1
1442.0,878 770 368 1502 1917 1764 851 1873 2063 995 1857 2061 1657 2020 146 506 -1 -1 -1 -1 -1 -1 -1 -1 -1 -1 -1 -1 -1 -1 -1 -1 -1 -1 -1 -1 -1 -1 -1 -1 -1 -1 -1 -1 -1 -1 -1 -1 -1 -1 -1 -1 -1 -1 -1 -1 -1 -1 -1 -1 -1 -1 -1 -1 -1 -1 -1 -1 -1 -1
1442.0,878 770 368 1863 1614 1764 1893 1873 998 506 1910 995 1857 1462 1411 922 817 907 171 1313 308 1346 285 302 1535 473 1657 240 615 679 359 947 992 1834 528 1201 7 0 -1 -1 -1 -1 -1 -1 -1 -1 -1 -1 -1 -1 -1 -1 -1 -1 -1 -1 -1 -1 -1 -1 -1 -1 -1 -1 -1 -1 -1 -1 -1 -1
1835.0,878 757 1857 234 368 787 801 506 998 551 35 111 752 1176 528 1801 1053 1863 366 350 1707 1505 1169 1657 288 1969 1256 11 71 1764 734 246 1909 1215 1282 1195 1232 33 481 226 146 1952 862 1186 1239 1010 1264 817 1010 1205 544 408 751 1959 1895 51 1946 1792 350 1249 2067 1615 2015 1001 1306 1027 410 1873 1486 0
1732.0,878 757 1857 1801 1300 1863 646 1217 817 506 722 481 1614 1723 1112 995 1576 960 998 817 368 787 801 240 1910 1764 332 1950 915 412 671 0 -1 -1 -1 -1 -1 -1 -1 -1 -1 -1 -1 -1 -1 -1 -1 -1 -1 -1 -1 -1 -1 -1 -1 -1 -1 -1 -1 -1 -1 -1 -1 -1 -1 -1 -1 -1 -1 -1
1806.0,878 722 1857 1801 1917 1265 1664 647 1306 624 817 579 455 817 2063 770 516 908 539 955 368 1856 787 801 1576 757 1361 234 1183 1733 801 787 992 1801 452 1230 478 1657 1612 701 1160 33 952 952 927 2020 1301 1863 1034 1946 1050 1279 -1 -1 -1 -1 -1 -1 -1 -1 -1 -1 -1 -1 -1 -1 -1 -1 -1 -1
1805.0,878 757 1857 234 368 787 801 551 998 111 35 1863 1917 240 851 1549 1910 1764 817 922 722 359 1205 679 332 817 146 770 862 1969 1256 1950 528 1200 1313 1535 992 722 1857 1992 759 0 -1 -1 -1 -1 -1 -1 -1 -1 -1 -1 -1 -1 -1 -1 -1 -1 -1 -1 -1 -1 -1 -1 -1 -1 -1 -1 -1 -1
1796.5,878 722 1857 1801 1917 302 368 1432 679 1346 1300 755 817 506 862 1176 900 679 1239 117 1675 639 1197 551 615 679 359 1053 998 111 992 641 1910 866 1665 1502 912 1419 1419 1239 1836 714 684 908 908 350 549 686 -1 -1 -1 -1 -1 -1 -1 -1 -1 -1 -1 -1 -1 -1 -1 -1 -1 -1 -1 -1 -1 -1
1841.0,878 1346 42 1959 998 560 368 506 1857 1230 1945 33 1909 1247 1657 995 366 742 751 783 118 1239 1313 1612 734 246 591 927 1306 117 1012 1502 35 1080 -1 -1 -1 -1 -1 -1 -1 -1 -1 -1 -1 -1 -1 -1 -1 -1 -1 -1 -1 -1 -1 -1 -1 -1 -1 -1 -1 -1 -1 -1 -1 -1 -1 -1 -1 -1
1865.5,878 757 1857 234 368 787 801 506 998 551 35 111 752 817 528 1801 1053 1176 1909 350 1414 1484 915 1872 1275 812 751 117 1645 865 1946 2056 892 344 1112 1128 1430 1882 284 1893 998 1863 1232 288 392 1814 169 1423 610 728 188 1034 361 1665 885 51 -1 -1 -1 -1 -1 -1 -1 -1 -1 -1 -1 -1 -1 -1
1812.5,878 234 368 551 998 111 35 506 752 817 528 1502 1053 1764 366 1392 350 1484 1275 495 223 952 927 722 1010 1010 1419 0 -1 -1 -1 -1 -1 -1 -1 -1 -1 -1 -1 -1 -1 -1 -1 -1 -1 -1 -1 -1 -1 -1 -1 -1 -1 -1 -1 -1 -1 -1 -1 -1 -1 -1 -1 -1 -1 -1 -1 -1 -1 -1
1797.0,878 1502 368 1346 42 242 1411 506 1306 1230 249 953 862 1801 2052 995 999 1427 1870 1320 1300 783 1685 1050 356 1505 1657 817 915 1249 2006 955 1839 848 308 0 -1 -1 -1 -1 -1 -1 -1 -1 -1 -1 -1 -1 -1 -1 -1 -1 -1 -1 -1 -1 -1 -1 -1 -1 -1 -1 -1 -1 -1 -1 -1 -1 -1 -1
1786.5,878 722 1857 506 679 234 1857 1313 998 1154 214 960 35 817 1411 770 528 1392 1053 240 1684 506 1945 1320 1909 922 2014 1427 1900 246 1850 1647 910 1191 35 1346 1300 705 1983 1863 698 1764 851 1502 869 1587 1092 1178 1819 1645 774 364 1775 492 392 1408 145 1902 -1 -1 -1 -1 -1 -1 -1 -1 -1 -1 -1 -1
1827.0,878 1502 368 551 1614 234 998 111 1857 1230 1036 240 1945 1427 1427 412 817 722 359 679 862 381 1036 506 1301 656 308 817 1055 917 448 1887 2019 1845 1725 1764 1893 1893 9 1505 220 1969 72 1558 800 1190 177 314 1630 249 452 1080 1080 741 1969 111 549 1505 1692 381 -1 -1 -1 -1 -1 -1 -1 -1 -1 -1
1802.5,878 722 1857 1801 1917 506 334 770 1306 1346 42 136 249 877 1277 1502 1954 1954 -1 -1 -1 -1 -1 -1 -1 -1 -1 -1 -1 -1 -1 -1 -1 -1 -1 -1 -1 -1 -1 -1 -1 -1 -1 -1 -1 -1 -1 -1 -1 -1 -1 -1 -1 -1 -1 -1 -1 -1 -1 -1 -1 -1 -1 -1 -1 -1 -1 -1 -1 -1
1832.5,878 722 1857 1801 1917 1265 1306 506 334 770 1664 1733 2061 1863 817 817 230 234 1264 1230 1945 33 807 1897 1312 1427 1242 455 2063 880 836 328 366 661 212 1312 1900 1484 2010 865 35 846 206 302 1588 1255 894 1502 1848 288 1927 541 1617 455 1230 51 1394 1227 1910 1992 349 1615 140 634 1028 1600 1253 186 32 1894
1878.5,878 757 1857 234 368 787 801 506 998 1801 1917 117 1081 848 817 1072 35 1045 1036 995 1910 240 302 960 1713 1713 1009 551 1230 506 1608 817 1275 1836 697 432 992 1657 1868 1969 1983 1999 499 62 -1 -1 -1 -1 -1 -1 -1 -1 -1 -1 -1 -1 -1 -1 -1 -1 -1 -1 -1 -1 -1 -1 -1 -1 -1 -1
1677.0,878 1346 42 1959 998 1045 1857 1801 368 506 1300 1745 817 995 1657 755 1909 1247 366 1863 1467 1872 350 742 2014 1443 1332 1484 1416 288 8 960 2063 817 551 802 2011 1295 1202 927 671 955 661 421 1896 1255 992 2067 2067 1615 1791 421 138 0 -1 -1 -1 -1 -1 -1 -1 -1 -1 -1 -1 -1 -1 -1 -1 -1
1818.5,878 757 1857 1801 1300 995 817 579 1264 1863 83 551 1306 111 368 787 787 817 35 1764 998 922 722 836 146 1952 530 246 246 322 1346 1487 1200 388 734 2049 801 0 -1 -1 -1 -1 -1 -1 -1 -1 -1 -1 -1 -1 -1 -1 -1 -1 -1 -1 -1 -1 -1 -1 -1 -1 -1 -1 -1 -1 -1 -1 -1 -1
1755.5,878 722 1857 1801 1917 770 368 783 359 679 679 1239 1612 2020 817 506 1910 136 -1 -1 -1 -1 -1 -1 -1 -1 -1 -1 -1 -1 -1 -1 -1 -1 -1 -1 -1 -1 -1 -1 -1 -1 -1 -1 -1 -1 -1 -1 -1 -1 -1 -1 -1 -1 -1 -1 -1 -1 -1 -1 -1 -1 -1 -1 -1 -1 -1 -1 -1 -1
1791.5,878 1801 1857 302 1588 1346 1300 755 817 1127 368 506 1657 995 862 289 915 1872 1467 1953 1597 1080 2052 1462 499 927 35 1192 1961 0 -1 -1 -1 -1 -1 -1 -1 -1 -1 -1 -1 -1 -1 -1 -1 -1 -1 -1 -1 -1 -1 -1 -1 -1 -1 -1 -1 -1 -1 -1 -1 -1 -1 -1 -1 -1 -1 -1 -1 -1
1763.5,878 722 1857 1801 1917 302 368 1432 679 679 359 1346 1959 1959 388 328 1535 573 998 1462 817 812 1910 1917 1846 1053 1725 1092 332 103 1664 1733 1927 350 35 366 1770 733 1002 448 374 1727 1443 0 -1 -1 -1 -1 -1 -1 -1 -1 -1 -1 -1 -1 -1 -1 -1 -1 -1 -1 -1 -1 -1 -1 -1 -1 -1 -1
1797.0,878 757 1857 1801 368 787 801 506 998 722 868 234 146 960 246 1900 481 182 1306 817 1323 281 1664 1448 1420 0 -1 -1 -1 -1 -1 -1 -1 -1 -1 -1 -1 -1 -1 -1 -1 -1 -1 -1 -1 -1 -1 -1 -1 -1 -1 -1 -1 -1 -1 -1 -1 -1 -1 -1 -1 -1 -1 -1 -1 -1 -1 -1 -1 -1
1752.5,878 995 368 1346 998 757 42 42 988 506 1857 1520 146 770 246 322 1959 117 1053 812 528 254 1167 240 1675 1587 129 35 2029 0 -1 -1 -1 -1 -1 -1 -1 -1 -1 -1 -1 -1 -1 -1 -1 -1 -1 -1 -1 -1 -1 -1 -1 -1 -1 -1 -1 -1 -1 -1 -1 -1 -1 -1 -1 -1 -1 -1 -1 -1
1788.0,878 757 1857 551 368 787 801 1801 998 111 35 506 1917 560 817 289 851 722 868 817 1725 560 1692 1320 1839 1004 752 885 952 1856 927 848 1794 901 396 1197 1924 1355 620 1444 1393 2016 1927 907 171 677 1924 1998 992 870 332 275 800 800 1613 1001 1834 926 1924 309 -1 -1 -1 -1 -1 -1 -1 -1 -1 -1
1769.5,878 757 1857 1801 1300 885 801 787 817 722 1306 1265 332 506 1910 214 214 1313 697 1692 1411 817 1205 917 2052 234 1219 72 1200 1313 28 551 1275 1392 4 1997 539 955 584 13 1095 1054 18 1001 381 0 -1 -1 -1 -1 -1 -1 -1 -1 -1 -1 -1 -1 -1 -1 -1 -1 -1 -1 -1 -1 -1 -1 -1 -1
1761.0,878 722 1857 234 368 1230 359 359 738 1075 679 812 998 783 1910 1952 1857 1587 35 1801 1053 395 1945 1175 1036 1462 1909 907 171 1621 1092 1906 1614 1320 285 1873 1234 1646 1306 1256 1256 1801 1300 1359 333 859 1467 186 213 770 722 1205 1205 1808 1264 2014 1300 1495 1917 381 897 2044 1272 1178 555 1906 836 0 -1 -1
1723.5,878 722 1857 1801 1917 1265 1664 647 1306 1265 368 1856 787 1733 817 234 146 1952 1619 2014 227 399 1197 1178 709 1231 722 952 1219 1366 1361 1415 1420 1657 944 1867 1868 701 -1 -1 -1 -1 -1 -1 -1 -1 -1 -1 -1 -1 -1 -1 -1 -1 -1 -1 -1 -1 -1 -1 -1 -1 -1 -1 -1 -1 -1 -1 -1 -1
1769.5,878 1502 1857 1346 998 995 368 240 1411 473 1313 1549 734 936 1306 783 817 412 1264 817 1657 1239 359 481 2063 551 544 1646 146 62 1911 679 1875 0 -1 -1 -1 -1 -1 -1 -1 -1 -1 -1 -1 -1 -1 -1 -1 -1 -1 -1 -1 -1 -1 -1 -1 -1 -1 -1 -1 -1 -1 -1 -1 -1 -1 -1 -1 -1
1748.5,878 995 368 328 1614 1320 998 922 1411 1845 1725 1801 1857 770 817 960 1346 42 42 877 1664 701 1256 783 1162 2020 177 1268 17 0 -1 -1 -1 -1 -1 -1 -1 -1 -1 -1 -1 -1 -1 -1 -1 -1 -1 -1 -1 -1 -1 -1 -1 -1 -1 -1 -1 -1 -1 -1 -1 -1 -1 -1 -1 -1 -1 -1 -1 -1
1723.0,878 757 1857 1801 368 787 801 234 1614 551 998 111 35 506 1036 722 868 1863 126 1191 1265 404 817 812 1910 1992 1615 412 853 1657 285 350 2049 246 322 860 481 388 42 848 1195 1215 351 103 516 908 539 725 1542 1735 1104 0 -1 -1 -1 -1 -1 -1 -1 -1 -1 -1 -1 -1 -1 -1 -1 -1 -1 -1
1760.0,878 757 1857 234 368 787 801 506 998 1863 35 848 1141 506 1945 350 1917 995 146 960 1910 1801 302 801 927 817 1053 1764 851 922 1713 1713 246 246 1050 560 1421 955 481 388 2044 978 1854 0 -1 -1 -1 -1 -1 -1 -1 -1 -1 -1 -1 -1 -1 -1 -1 -1 -1 -1 -1 -1 -1 -1 -1 -1 -1 -1
1720.5,878 722 1857 1801 1917 770 368 1856 801 506 722 679 615 234 1910 960 1205 359 1419 817 817 1320 998 1265 35 848 1612 812 1600 1713 1421 955 1520 55 262 281 992 2020 481 1068 332 1355 851 1080 394 2002 1490 1873 99 774 537 865 1193 955 856 1614 698 946 374 603 351 711 -1 -1 -1 -1 -1 -1 -1 -1
1764.5,1857 1346 1927 506 591 1502 817 1475 1614 722 1112 878 885 757 1183 368 1576 783 1664 1320 2061 817 1873 922 733 733 353 476 334 1392 473 1313 1983 1918 2052 1671 55 55 1313 1313 1141 408 1576 226 471 656 1141 1911 862 1045 1336 117 1104 965 1124 2014 118 2020 -1 -1 -1 -1 -1 -1 -1 -1 -1 -1 -1 -1
1680.5,878 722 1857 1801 1917 506 455 1346 42 877 1167 1502 1217 1872 1036 770 1857 878 1657 1612 368 783 817 1239 359 1419 998 817 1264 1745 83 571 752 337 1432 1503 1588 1057 -1 -1 -1 -1 -1 -1 -1 -1 -1 -1 -1 -1 -1 -1 -1 -1 -1 -1 -1 -1 -1 -1 -1 -1 -1 -1 -1 -1 -1 -1 -1 -1
1744.5,878 757 1857 1801 1300 995 368 787 801 506 998 1863 646 1872 722 481 136 242 817 234 1219 1685 1910 817 332 412 2063 281 302 1588 661 1127 1255 1332 2044 1413 1834 2036 909 2015 1112 1355 333 859 35 452 445 448 1301 226 1190 696 1927 580 1485 1873 1570 1828 1254 860 1336 689 908 2061 1846 1911 456 1725 196 1087
1680.5,878 757 1857 995 368 787 801 1863 1411 1764 817 922 35 234 1910 240 998 412 1725 960 302 722 1857 1549 481 136 42 388 284 1427 1675 1794 1242 817 992 344 1896 1080 1952 246 2049 1332 1580 1005 1275 551 697 1424 332 1109 880 0 -1 -1 -1 -1 -1 -1 -1 -1 -1 -1 -1 -1 -1 -1 -1 -1 -1 -1
1739.0,878 1346 42 1502 1217 915 1857 1745 1300 117 998 1053 817 506 368 801 801 896 697 1230 1896 1292 35 560 1945 1745 1068 1443 879 1247 2029 1953 1766 0 -1 -1 -1 -1 -1 -1 -1 -1 -1 -1 -1 -1 -1 -1 -1 -1 -1 -1 -1 -1 -1 -1 -1 -1 -1 -1 -1 -1 -1 -1 -1 -1 -1 -1 -1 -1
1730.0,878 757 1857 1801 1300 551 646 1872 817 1346 722 111 1264 412 368 787 927 995 35 328 1909 817 1614 302 530 246 528 740 998 922 146 571 1868 709 1421 955 227 1249 1349 1611 332 281 1402 0 -1 -1 -1 -1 -1 -1 -1 -1 -1 -1 -1 -1 -1 -1 -1 -1 -1 -1 -1 -1 -1 -1 -1 -1 -1 -1
1721.0,878 995 368 1346 998 506 722 1472 1910 757 1857 117 35 1080 1420 1845 499 804 471 1161 314 834 16 1953 1739 14 455 1906 2063 551 1834 960 366 476 350 709 1368 14 1252 1614 1031 289 2015 802 1834 1011 1036 1192 596 1332 1301 1099 1252 754 947 240 1230 1983 129 1723 562 1839 880 421 568 328 1613 1839 -1 -1
1329.5,878 722 368 1856 1306 214 1917 506 1154 1462 1857 1313 814 1145 356 1154 171 484 549 1415 1370 404 1657 1801 1120 0 -1 -1 -1 -1 -1 -1 -1 -1 -1 -1 -1 -1 -1 -1 -1 -1 -1 -1 -1 -1 -1 -1 -1 -1 -1 -1 -1 -1 -1 -1 -1 -1 -1 -1 -1 -1 -1 -1 -1 -1 -1 -1 -1 -1
1329.5,878 722 368 1856 1306 214 1917 506 1857 1346 42 1502 817 242 598 960 1167 1475 1411 796 741 2047 1167 1598 1411 2047 83 817 998 1377 1313 1313 1411 1745 1535 473 759 973 885 1230 1945 75 1967 1265 836 938 879 741 2006 0 -1 -1 -1 -1 -1 -1 -1 -1 -1 -1 -1 -1 -1 -1 -1 -1 -1 -1 -1 -1
1329.5,1664 722 1576 234 1927 1745 591 1801 998 1946 1857 1834 817 1746 499 1053 481 4 455 1959 388 1952 1175 1646 1235 136 1175 395 1090 960 334 1646 285 1881 878 1535 473 998 1983 1522 413 848 249 1346 1532 1178 1793 509 1449 0 -1 -1 -1 -1 -1 -1 -1 -1 -1 -1 -1 -1 -1 -1 -1 -1 -1 -1 -1 -1
1672.5,878 757 1857 234 368 787 801 506 998 551 35 111 752 817 528 1801 1053 801 952 812 1707 1863 1909 1505 366 560 481 193 671 955 800 2021 246 246 481 388 2044 789 1411 226 350 1190 2015 802 1725 1764 374 281 1306 1873 369 1664 527 527 343 26 1112 611 114 1665 1254 1001 202 955 1105 111 -1 -1 -1 -1
1721.5,878 995 368 1346 998 1462 722 757 1725 484 171 787 787 1801 1306 579 1834 573 366 350 1896 560 118 344 284 0 -1 -1 -1 -1 -1 -1 -1 -1 -1 -1 -1 -1 -1 -1 -1 -1 -1 -1 -1 -1 -1 -1 -1 -1 -1 -1 -1 -1 -1 -1 -1 -1 -1 -1 -1 -1 -1 -1 -1 -1 -1 -1 -1 -1
1570.0,878 506 722 481 368 1801 1614 991 1857 995 1725 1873 527 1199 1036 302 530 322 817 722 679 234 848 1195 1195 2036 598 1953 615 1904 480 960 721 0 -1 -1 -1 -1 -1 -1 -1 -1 -1 -1 -1 -1 -1 -1 -1 -1 -1 -1 -1 -1 -1 -1 -1 -1 -1 -1 -1 -1 -1 -1 -1 -1 -1 -1 -1 -1
1699.5,878 1502 368 1346 42 242 1411 506 862 1230 752 33 1306 995 2052 1475 361 960 1081 817 817 117 499 722 146 878 1432 473 1535 1313 777 1005 1619 1154 171 17 308 1184 1751 1657 332 1969 754 412 2047 1375 -1 -1 -1 -1 -1 -1 -1 -1 -1 -1 -1 -1 -1 -1 -1 -1 -1 -1 -1 -1 -1 -1 -1 -1
2043.5,878 722 1857 1801 1917 506 334 1265 1306 234 817 1733 1664 1873 1764 328 249 817 455 1346 42 886 285 2061 1416 1230 528 1392 368 1856 787 770 516 1145 998 404 1394 624 -1 -1 -1 -1 -1 -1 -1 -1 -1 -1 -1 -1 -1 -1 -1 -1 -1 -1 -1 -1 -1 -1 -1 -1 -1 -1 -1 -1 -1 -1 -1 -1
1683.0,878 551 368 111 998 1801 1917 995 35 1863 2061 506 615 817 1910 234 1857 1392 817 510 722 359 1205 877 1411 1801 1917 495 455 421 992 1409 1377 836 1141 98 1306 1801 1909 924 1669 1001 585 770 620 350 1414 1525 2015 802 292 0 -1 -1 -1 -1 -1 -1 -1 -1 -1 -1 -1 -1 -1 -1 -1 -1 -1 -1
2039.5,878 722 1857 1801 1917 506 334 1265 1306 817 817 1346 42 136 230 1745 1200 1535 473 1723 1300 2020 146 1952 1619 1359 308 1502 1036 1873 992 1490 679 2014 848 930 1664 527 343 647 249 955 1910 571 859 859 722 302 506 1092 332 885 620 1543 1057 885 -1 -1 -1 -1 -1 -1 -1 -1 -1 -1 -1 -1 -1 -1
1731.0,878 551 368 111 998 234 35 240 752 1549 528 817 1053 757 366 787 952 722 35 1723 1707 812 1909 1505 350 1346 2015 802 42 1738 136 136 1275 288 8 1992 1300 117 2011 770 1411 1315 -1 -1 -1 -1 -1 -1 -1 -1 -1 -1 -1 -1 -1 -1 -1 -1 -1 -1 -1 -1 -1 -1 -1 -1 -1 -1 -1 -1
1705.0,878 1320 1857 922 368 1535 998 1427 1242 1502 1917 1346 136 242 388 995 1597 927 817 960 35 953 992 436 922 1332 1301 1080 828 915 1281 1191 1613 0 -1 -1 -1 -1 -1 -1 -1 -1 -1 -1 -1 -1 -1 -1 -1 -1 -1 -1 -1 -1 -1 -1 -1 -1 -1 -1 -1 -1 -1 -1 -1 -1 -1 -1 -1 -1
1714.5,1857 757 1927 234 591 995 1614 506 998 1346 242 42 368 1614 817 812 146 960 1264 1801 878 817 722 240 777 1349 556 1646 1725 1904 1633 1952 194 1966 1259 1205 359 679 1775 1801 388 388 136 755 374 801 1669 322 -1 -1 -1 -1 -1 -1 -1 -1 -1 -1 -1 -1 -1 -1 -1 -1 -1 -1 -1 -1 -1 -1
1965.5,878 757 1857 1801 368 787 801 995 998 412 1927 1863 591 506 817 960 35 234 2061 1657 332 1176 1945 350 1910 1969 1141 1505 302 722 1169 1346 146 1999 1798 368 1080 214 249 4 246 1513 694 1900 -1 -1 -1 -1 -1 -1 -1 -1 -1 -1 -1 -1 -1 -1 -1 -1 -1 -1 -1 -1 -1 -1 -1 -1 -1 -1
2018.5,878 757 1857 234 368 787 801 506 998 1863 1945 722 1169 350 1927 1764 591 1475 2061 1664 481 136 1959 412 1306 281 817 366 343 1648 597 704 1393 506 4 1435 332 0 -1 -1 -1 -1 -1 -1 -1 -1 -1 -1 -1 -1 -1 -1 -1 -1 -1 -1 -1 -1 -1 -1 -1 -1 -1 -1 -1 -1 -1 -1 -1 -1
1677.0,1614 551 998 111 368 234 878 1320 1857 922 1036 1863 35 240 1301 995 366 770 350 2014 1346 328 938 722 35 2047 2052 953 807 1269 1312 817 1230 262 -1 -1 -1 -1 -1 -1 -1 -1 -1 -1 -1 -1 -1 -1 -1 -1 -1 -1 -1 -1 -1 -1 -1 -1 -1 -1 -1 -1 -1 -1 -1 -1 -1 -1 -1 -1
1665.5,1201 722 368 889 1306 783 1857 1856 1856 757 1411 787 787 1447 35 1952 817 2014 1264 1909 1275 1953 609 777 35 783 556 328 836 1392 72 625 1557 1996 262 573 632 2015 347 1953 862 801 783 1490 319 1011 1442 0 -1 -1 -1 -1 -1 -1 -1 -1 -1 -1 -1 -1 -1 -1 -1 -1 -1 -1 -1 -1 -1 -1
1779.0,1201 757 361 1346 1614 1801 242 1646 583 303 -1 -1 -1 -1 -1 -1 -1 -1 -1 -1 -1 -1 -1 -1 -1 -1 -1 -1 -1 -1 -1 -1 -1 -1 -1 -1 -1 -1 -1 -1 -1 -1 -1 -1 -1 -1 -1 -1 -1 -1 -1 -1 -1 -1 -1 -1 -1 -1 -1 -1 -1 -1 -1 -1 -1 -1 -1 -1 -1 -1
1755.5,878 1502 368 234 1614 995 998 328 1857 1346 722 740 1256 1176 35 1845 1411 1887 817 732 136 136 455 464 1805 1368 1846 350 853 2020 478 551 1249 366 1486 2014 1430 1275 1834 709 -1 -1 -1 -1 -1 -1 -1 -1 -1 -1 -1 -1 -1 -1 -1 -1 -1 -1 -1 -1 -1 -1 -1 -1 -1 -1 -1 -1 -1 -1
1760.0,878 722 1857 1801 1917 506 334 1265 817 877 814 1145 1306 234 1664 647 343 1801 1576 1199 285 1801 998 421 1945 404 1909 1436 1215 1195 1617 59 1242 1665 905 961 635 421 981 1152 392 1370 213 1272 1234 1578 1707 1998 1576 1364 -1 -1 -1 -1 -1 -1 -1 -1 -1 -1 -1 -1 -1 -1 -1 -1 -1 -1 -1 -1
1735.5,1857 1346 1614 740 1927 1230 591 1801 1361 722 817 783 701 953 126 1366 1664 350 1576 1608 368 878 455 1266 1711 366 1313 1648 472 944 96 191 227 1101 -1 -1 -1 -1 -1 -1 -1 -1 -1 -1 -1 -1 -1 -1 -1 -1 -1 -1 -1 -1 -1 -1 -1 -1 -1 -1 -1 -1 -1 -1 -1 -1 -1 -1 -1 -1
1722.0,1857 722 1927 506 878 1265 591 110 1758 1346 1264 1502 1924 411 332 473 455 1745 998 1475 1776 1053 516 350 1090 1925 936 1900 366 812 368 302 146 878 1633 1910 1186 894 626 0 -1 -1 -1 -1 -1 -1 -1 -1 -1 -1 -1 -1 -1 -1 -1 -1 -1 -1 -1 -1 -1 -1 -1 -1 -1 -1 -1 -1 -1 -1
1722.0,1857 722 1614 234 1112 302 1576 506 334 960 230 1801 1927 812 591 953 817 1053 1201 350 455 366 1600 1930 1910 1648 1648 767 1205 679 368 1714 894 136 242 1959 697 1242 1665 630 549 178 981 1179 145 1670 398 398 710 2014 2024 1178 1969 1910 285 1805 464 1909 1436 146 1589 1808 506 677 270 0 -1 -1 -1 -1
1773.5,1857 1346 1927 1801 591 722 817 878 556 960 334 1087 930 506 350 1484 473 473 738 1235 1535 506 591 1801 998 812 1420 1053 646 1872 1478 765 915 843 146 770 862 2014 900 350 1910 349 8 1497 332 1151 878 531 1846 512 -1 -1 -1 -1 -1 -1 -1 -1 -1 -1 -1 -1 -1 -1 -1 -1 -1 -1 -1 -1
1723.5,1201 1346 368 757 1614 787 1856 995 1857 506 998 960 862 1863 757 1801 1411 817 817 1764 1725 922 1657 679 1239 1200 752 1154 171 1952 862 1505 1785 302 1896 1911 366 1087 620 1911 1909 1282 407 186 1033 1587 1602 1178 1394 719 1027 728 513 628 1138 728 140 0 -1 -1 -1 -1 -1 -1 -1 -1 -1 -1 -1 -1
1934.0,878 757 1857 234 368 787 801 506 998 1863 1945 995 1909 1801 2014 801 927 240 35 1657 1053 1857 1983 227 1910 1857 1036 556 302 1588 481 812 1733 388 2005 1535 1896 573 624 645 710 960 1411 1910 1785 1657 1828 1911 1792 1053 2067 770 132 1022 1264 146 1239 359 -1 -1 -1 -1 -1 -1 -1 -1 -1 -1 -1 -1
1938.0,878 551 368 111 998 1320 35 922 1910 995 1857 506 1411 1801 1945 510 528 1646 1053 1651 1966 1873 1909 506 2042 2061 302 1346 722 240 1713 1713 455 1239 359 679 368 1969 1817 2020 118 1053 163 289 1112 1796 213 1859 145 1692 1421 1022 499 1908 635 1448 1252 233 1959 266 1617 922 -1 -1 -1 -1 -1 -1 -1 -1
1659.5,878 722 1857 1801 1917 1265 1664 647 1306 624 368 1856 817 579 455 1657 851 770 787 212 359 573 2052 2020 1969 1828 285 234 1219 1366 1685 953 499 1320 698 1764 284 0 -1 -1 -1 -1 -1 -1 -1 -1 -1 -1 -1 -1 -1 -1 -1 -1 -1 -1 -1 -1 -1 -1 -1 -1 -1 -1 -1 -1 -1 -1 -1 -1
1759.0,878 722 1857 1801 1917 506 334 1346 42 136 998 1723 851 1462 817 817 146 755 1200 2036 556 0 -1 -1 -1 -1 -1 -1 -1 -1 -1 -1 -1 -1 -1 -1 -1 -1 -1 -1 -1 -1 -1 -1 -1 -1 -1 -1 -1 -1 -1 -1 -1 -1 -1 -1 -1 -1 -1 -1 -1 -1 -1 -1 -1 -1 -1 -1 -1 -1
1707.5,1927 757 591 995 1112 1801 1576 1346 1201 783 334 579 361 817 2052 1320 817 922 1614 368 878 412 1910 302 722 1239 1205 679 252 965 288 2014 1600 51 227 770 999 848 801 787 952 705 697 381 1828 1633 965 61 -1 -1 -1 -1 -1 -1 -1 -1 -1 -1 -1 -1 -1 -1 -1 -1 -1 -1 -1 -1 -1 -1
1809.0,878 1346 42 506 368 551 1857 111 1036 136 1614 1723 998 1230 35 1801 1945 1427 1427 701 894 464 1805 817 817 1646 851 722 359 1239 697 880 322 246 2049 1904 1280 2047 814 1001 1909 240 391 1657 851 398 398 1904 448 1999 442 1735 1874 1904 592 1657 1002 1202 366 68 191 1115 1252 836 1104 556 -1 -1 -1 -1
1704.0,1857 302 1927 995 591 506 1112 1320 1576 922 1614 960 998 817 817 432 334 234 1264 1475 878 1432 473 770 1945 2014 1909 2036 722 1107 1219 1685 1420 1427 1427 978 72 1533 1200 2047 734 2049 1775 607 567 722 1419 1231 894 1490 322 2049 542 1138 1138 163 1394 953 1077 860 1968 1939 1683 0 -1 -1 -1 -1 -1 -1
1773.5,1857 722 1927 878 591 866 1427 506 998 1502 817 1346 878 1608 42 1184 1310 136 1408 960 368 817 862 1911 -1 -1 -1 -1 -1 -1 -1 -1 -1 -1 -1 -1 -1 -1 -1 -1 -1 -1 -1 -1 -1 -1 -1 -1 -1 -1 -1 -1 -1 -1 -1 -1 -1 -1 -1 -1 -1 -1 -1 -1 -1 -1 -1 -1 -1 -1
1706.0,878 757 1857 234 368 787 801 506 998 1863 1945 1801 1909 722 836 350 2014 551 1375 240 715 328 1669 936 1900 1801 481 812 1917 1505 35 1275 1733 953 851 817 35 860 528 846 1805 388 42 1359 878 1764 1946 1311 1306 2047 1053 115 1363 1873 1684 1664 947 171 171 344 1234 2061 1664 4 600 1941 1958 1456 575 1103
1692.5,878 757 1857 506 998 1346 722 1200 334 1154 171 1230 368 1614 1945 33 285 995 584 444 1909 1247 366 350 2014 742 751 302 1900 1900 1608 1427 1242 302 600 1801 981 560 392 767 223 223 1895 801 1653 1587 476 997 748 1998 1532 1191 499 808 -1 -1 -1 -1 -1 -1 -1 -1 -1 -1 -1 -1 -1 -1 -1 -1
1692.5,878 995 368 1346 998 473 1313 506 734 322 1857 770 1411 1863 1306 1801 817 783 1346 42 598 328 1614 740 1256 817 118 1080 1633 836 1828 464 1983 308 1775 2036 1805 1764 556 1946 894 281 1857 0 -1 -1 -1 -1 -1 -1 -1 -1 -1 -1 -1 -1 -1 -1 -1 -1 -1 -1 -1 -1 -1 -1 -1 -1 -1 -1
1624.5,878 1502 368 1346 42 242 1411 1801 1306 506 862 117 1361 1080 1420 1178 1857 1863 499 804 1887 1336 817 917 136 1959 356 560 1915 1808 1550 634 763 0 -1 -1 -1 -1 -1 -1 -1 -1 -1 -1 -1 -1 -1 -1 -1 -1 -1 -1 -1 -1 -1 -1 -1 -1 -1 -1 -1 -1 -1 -1 -1 -1 -1 -1 -1 -1
1703.5,878 722 1857 1801 1917 1265 1664 647 1306 624 368 1856 249 214 814 1191 146 477 549 1368 227 500 981 1272 145 0 -1 -1 -1 -1 -1 -1 -1 -1 -1 -1 -1 -1 -1 -1 -1 -1 -1 -1 -1 -1 -1 -1 -1 -1 -1 -1 -1 -1 -1 -1 -1 -1 -1 -1 -1 -1 -1 -1 -1 -1 -1 -1 -1 -1
1693.5,878 722 1857 506 679 234 516 1145 368 960 998 1502 146 1230 752 33 1909 1247 366 770 35 421 2014 212 212 1897 861 1346 42 242 136 1906 615 240 1053 1723 760 733 1346 755 1770 524 234 1560 721 0 -1 -1 -1 -1 -1 -1 -1 -1 -1 -1 -1 -1 -1 -1 -1 -1 -1 -1 -1 -1 -1 -1 -1 -1
1715.0,878 722 1857 1801 1917 234 368 1856 801 801 927 506 146 960 817 817 998 1320 246 246 1612 812 1983 1256 1160 757 992 226 481 947 1927 2063 1983 741 1910 1444 332 1109 2006 955 1839 1603 1306 1911 1050 770 1495 615 1055 1152 1924 870 549 1152 2038 1658 392 1392 410 870 1707 1998 426 1260 -1 -1 -1 -1 -1 -1
1908.0,878 757 1857 234 368 787 801 506 998 1863 1945 1764 481 1313 697 2047 1669 1900 476 922 1652 722 1664 1200 965 1856 1658 960 1411 0 -1 -1 -1 -1 -1 -1 -1 -1 -1 -1 -1 -1 -1 -1 -1 -1 -1 -1 -1 -1 -1 -1 -1 -1 -1 -1 -1 -1 -1 -1 -1 -1 -1 -1 -1 -1 -1 -1 -1 -1
1648.0,878 722 1857 1801 1917 1265 1306 506 368 1856 787 1733 817 817 722 510 146 432 998 770 1619 234 1346 679 679 1419 1264 1249 1895 1160 956 1983 146 1745 2023 1247 -1 -1 -1 -1 -1 -1 -1 -1 -1 -1 -1 -1 -1 -1 -1 -1 -1 -1 -1 -1 -1 -1 -1 -1 -1 -1 -1 -1 -1 -1 -1 -1 -1 -1
1690.0,878 1346 42 1959 998 755 368 995 1857 506 1927 1863 862 1045 591 783 1685 1050 817 481 136 1959 1657 344 1834 817 742 240 947 506 848 770 734 1900 322 1946 1128 212 1306 302 369 1764 1910 1909 1394 1392 851 186 626 922 1747 1269 1346 757 338 129 542 1138 1138 0 -1 -1 -1 -1 -1 -1 -1 -1 -1 -1
1777.5,878 995 368 1346 998 1502 1910 473 1313 506 734 322 1857 783 1036 8 817 446 1032 817 1657 240 2049 1900 848 955 853 302 1657 506 1848 1216 1614 1176 757 1135 1983 1764 1664 381 1725 481 388 242 351 1952 1857 1247 556 33 1846 1486 478 1813 1868 1230 1942 1942 1930 1914 723 383 1057 770 880 860 1927 0 -1 -1
1756.5,878 757 1857 995 368 787 801 1801 998 801 927 1320 1927 922 591 1265 1416 880 817 350 862 722 35 366 1520 1648 481 822 332 1888 285 506 734 322 755 1050 1685 567 992 551 1306 1952 1725 186 1413 1109 783 2014 1462 1808 1848 302 617 1970 646 1217 714 2023 1193 0 -1 -1 -1 -1 -1 -1 -1 -1 -1 -1
1772.0,878 1320 368 922 998 995 1910 1462 1411 484 171 506 1857 1313 817 1154 285 1878 -1 -1 -1 -1 -1 -1 -1 -1 -1 -1 -1 -1 -1 -1 -1 -1 -1 -1 -1 -1 -1 -1 -1 -1 -1 -1 -1 -1 -1 -1 -1 -1 -1 -1 -1 -1 -1 -1 -1 -1 -1 -1 -1 -1 -1 -1 -1 -1 -1 -1 -1 -1
1798.0,878 722 1857 506 1917 1313 817 1346 1167 1502 698 2047 851 1948 1363 783 1264 878 885 817 1664 880 1306 947 1927 620 334 1230 1147 226 853 79 1142 952 787 1354 595 964 899 240 862 506 998 1005 114 1863 1764 1551 353 353 -1 -1 -1 -1 -1 -1 -1 -1 -1 -1 -1 -1 -1 -1 -1 -1 -1 -1 -1 -1
1766.5,878 722 1857 234 1917 960 368 506 359 359 738 2005 679 1475 516 1587 1090 1657 817 701 998 1191 722 240 862 404 992 717 1495 960 1055 770 1683 1331 1683 146 709 212 1909 1392 1874 1010 11 598 1617 1301 104 860 2021 1727 1104 1735 475 2004 1533 1512 211 860 1200 696 1749 404 210 0 -1 -1 -1 -1 -1 -1
1770.5,878 1502 368 1346 42 242 1411 1745 1127 995 1411 880 1306 1801 1857 783 146 2036 1002 2015 615 0 -1 -1 -1 -1 -1 -1 -1 -1 -1 -1 -1 -1 -1 -1 -1 -1 -1 -1 -1 -1 -1 -1 -1 -1 -1 -1 -1 -1 -1 -1 -1 -1 -1 -1 -1 -1 -1 -1 -1 -1 -1 -1 -1 -1 -1 -1 -1 -1
1792.5,878 757 1857 995 368 787 801 1801 998 234 1927 506 591 960 35 817 817 412 1910 1176 1909 571 2014 917 332 801 952 722 481 656 671 955 35 1992 8 1887 1685 567 264 1534 2063 1349 551 802 560 1065 1751 1535 1535 1658 1924 1392 1945 615 1264 554 1617 0 -1 -1 -1 -1 -1 -1 -1 -1 -1 -1 -1 -1
1726.0,1927 722 591 1801 878 1346 42 98 998 506 1857 886 136 1959 817 783 1306 641 368 817 359 1239 679 1419 1264 1946 709 0 -1 -1 -1 -1 -1 -1 -1 -1 -1 -1 -1 -1 -1 -1 -1 -1 -1 -1 -1 -1 -1 -1 -1 -1 -1 -1 -1 -1 -1 -1 -1 -1 -1 -1 -1 -1 -1 -1 -1 -1 -1 -1
1766.5,878 1346 2063 506 615 473 998 995 1313 1313 28 960 1167 1176 1411 817 1402 0 -1 -1 -1 -1 -1 -1 -1 -1 -1 -1 -1 -1 -1 -1 -1 -1 -1 -1 -1 -1 -1 -1 -1 -1 -1 -1 -1 -1 -1 -1 -1 -1 -1 -1 -1 -1 -1 -1 -1 -1 -1 -1 -1 -1 -1 -1 -1 -1 -1 -1 -1 -1
1755.0,878 995 368 1502 1614 1346 722 740 1256 1764 1411 240 2052 757 999 1614 742 281 817 922 1112 1535 1313 1952 599 1685 1219 302 1264 1918 146 186 1915 1191 181 770 1619 2014 900 1001 2063 328 620 1909 947 573 1202 1986 226 350 246 322 723 358 1346 42 1392 1148 1555 1937 1950 740 499 281 549 1863 2061 1664 1356 1306
1780.0,878 722 1857 551 1917 111 1306 328 368 1856 787 817 817 1502 722 1346 1219 1050 998 812 851 1963 1363 240 1264 836 1657 927 927 801 639 1183 875 283 862 1183 1301 444 1727 381 448 1392 549 757 1602 404 1520 1320 35 1863 1200 1764 2047 629 714 1873 1490 1713 1708 865 1444 186 1910 2061 1252 1725 981 1889 145 1287
1729.0,878 506 722 481 368 995 1614 889 998 484 171 1154 528 1200 1868 947 1927 1834 1036 754 1411 1320 1535 1801 1127 1588 1946 1952 774 421 1275 922 1442 0 -1 -1 -1 -1 -1 -1 -1 -1 -1 -1 -1 -1 -1 -1 -1 -1 -1 -1 -1 -1 -1 -1 -1 -1 -1 -1 -1 -1 -1 -1 -1 -1 -1 -1 -1 -1
1781.0,878 757 1857 995 368 787 801 1863 998 1764 1725 922 1945 560 118 117 1169 506 1909 1313 591 1154 -1 -1 -1 -1 -1 -1 -1 -1 -1 -1 -1 -1 -1 -1 -1 -1 -1 -1 -1 -1 -1 -1 -1 -1 -1 -1 -1 -1 -1 -1 -1 -1 -1 -1 -1 -1 -1 -1 -1 -1 -1 -1 -1 -1 -1 -1 -1 -1
1814.0,878 757 1857 234 368 787 801 722 1167 1176 1675 1794 836 551 1375 506 998 111 715 136 136 817 817 1801 1306 1109 146 1952 1619 2014 900 302 752 328 332 136 1793 955 992 1190 448 1432 1432 711 -1 -1 -1 -1 -1 -1 -1 -1 -1 -1 -1 -1 -1 -1 -1 -1 -1 -1 -1 -1 -1 -1 -1 -1 -1 -1
1827.0,878 757 1857 234 368 787 801 551 998 111 35 506 752 817 528 1863 1053 1764 1707 1392 366 1664 218 1873 350 49 2015 2015 1275 495 1946 1475 947 1657 1997 111 1645 865 926 404 1702 0 -1 -1 -1 -1 -1 -1 -1 -1 -1 -1 -1 -1 -1 -1 -1 -1 -1 -1 -1 -1 -1 -1 -1 -1 -1 -1 -1 -1
1813.5,878 1502 368 1346 42 242 1411 506 1306 1230 249 412 862 117 2052 1475 999 995 1945 1427 1870 960 817 817 1747 1513 1363 1863 1110 917 533 1692 1664 302 1657 679 1239 1200 1535 1432 1764 1355 834 834 314 314 314 186 1336 551 900 770 226 281 1664 1505 549 216 783 1048 981 471 1018 0 -1 -1 -1 -1 -1 -1
1806.0,878 722 1857 1801 1917 1265 334 234 817 812 1306 1256 740 506 146 817 230 770 1619 2014 227 212 709 1001 697 328 1481 404 286 860 1875 0 -1 -1 -1 -1 -1 -1 -1 -1 -1 -1 -1 -1 -1 -1 -1 -1 -1 -1 -1 -1 -1 -1 -1 -1 -1 -1 -1 -1 -1 -1 -1 -1 -1 -1 -1 -1 -1 -1
1693.0,878 722 1857 302 679 1265 368 1733 1917 234 1175 880 1090 952 817 741 741 1080 2052 1764 499 1192 1519 1502 1917 1432 224 49 1264 1346 1313 473 966 1191 1464 0 -1 -1 -1 -1 -1 -1 -1 -1 -1 -1 -1 -1 -1 -1 -1 -1 -1 -1 -1 -1 -1 -1 -1 -1 -1 -1 -1 -1 -1 -1 -1 -1 -1 -1
1995.5,878 757 1857 995 368 787 801 1863 998 412 1927 506 591 960 817 817 35 234 1910 1475 302 1657 1945 1764 1909 1969 1141 281 2014 917 1952 1900 1834 722 1896 399 481 1045 671 1349 709 955 777 1216 1817 503 725 75 577 1216 1677 761 75 0 -1 -1 -1 -1 -1 -1 -1 -1 -1 -1 -1 -1 -1 -1 -1 -1
1914.0,878 757 1857 234 368 787 801 506 998 1863 1945 1764 481 995 734 322 2061 1177 1640 1176 676 960 1036 722 1857 1300 104 1922 146 641 1654 0 -1 -1 -1 -1 -1 -1 -1 -1 -1 -1 -1 -1 -1 -1 -1 -1 -1 -1 -1 -1 -1 -1 -1 -1 -1 -1 -1 -1 -1 -1 -1 -1 -1 -1 -1 -1 -1 -1
1928.5,878 722 1857 1801 1300 1863 698 234 1306 302 368 1432 455 770 1197 1178 359 1764 555 0 -1 -1 -1 -1 -1 -1 -1 -1 -1 -1 -1 -1 -1 -1 -1 -1 -1 -1 -1 -1 -1 -1 -1 -1 -1 -1 -1 -1 -1 -1 -1 -1 -1 -1 -1 -1 -1 -1 -1 -1 -1 -1 -1 -1 -1 -1 -1 -1 -1 -1
1652.5,878 722 1857 1801 1917 234 368 1856 801 1176 998 551 817 111 915 646 1910 328 302 1067 1588 1911 2063 421 1275 1346 584 740 777 777 992 783 47 1191 505 880 332 1107 99 865 1200 226 1306 728 1945 1818 521 1735 381 600 2024 1939 41 1735 1430 246 -1 -1 -1 -1 -1 -1 -1 -1 -1 -1 -1 -1 -1 -1
1676.5,878 722 1857 1801 1917 506 368 1856 722 1200 817 1346 1219 72 851 1230 814 516 -1 -1 -1 -1 -1 -1 -1 -1 -1 -1 -1 -1 -1 -1 -1 -1 -1 -1 -1 -1 -1 -1 -1 -1 -1 -1 -1 -1 -1 -1 -1 -1 -1 -1 -1 -1 -1 -1 -1 -1 -1 -1 -1 -1 -1 -1 -1 -1 -1 -1 -1 -1
1639.0,878 722 1857 1801 1917 1265 1664 1733 1306 506 817 817 334 1346 42 136 249 812 1264 755 455 571 1600 1713 35 846 1805 2020 2052 1863 878 288 1857 1764 -1 -1 -1 -1 -1 -1 -1 -1 -1 -1 -1 -1 -1 -1 -1 -1 -1 -1 -1 -1 -1 -1 -1 -1 -1 -1 -1 -1 -1 -1 -1 -1 -1 -1 -1 -1
2018.5,878 722 1857 1801 1917 506 334 1265 1306 817 817 234 2061 1873 1264 770 1945 812 129 1713 230 1897 1969 880 35 846 206 978 615 1320 1361 1346 42 42 1264 455 227 1368 1420 2020 1834 51 1846 1594 2049 322 752 163 2063 0 -1 -1 -1 -1 -1 -1 -1 -1 -1 -1 -1 -1 -1 -1 -1 -1 -1 -1 -1 -1
1658.5,878 722 1857 1801 1917 960 368 234 359 359 738 2005 817 506 998 817 146 1230 992 1427 719 510 35 146 709 955 714 1952 35 1109 1055 877 851 1320 1420 1863 394 1764 1490 1005 381 1514 859 859 1235 0 -1 -1 -1 -1 -1 -1 -1 -1 -1 -1 -1 -1 -1 -1 -1 -1 -1 -1 -1 -1 -1 -1 -1 -1
1695.0,878 551 368 111 998 234 35 506 752 817 528 1392 1053 757 1346 1873 1300 1176 1331 1833 366 350 1479 2061 1725 1764 9 281 280 560 1275 495 1909 833 9 231 1306 281 1414 1484 1684 907 1998 1657 1910 1969 188 1375 1232 1851 627 313 213 1641 -1 -1 -1 -1 -1 -1 -1 -1 -1 -1 -1 -1 -1 -1 -1 -1
1713.0,878 995 368 1346 998 473 1313 240 1927 1549 734 936 591 960 361 817 1306 1502 817 412 862 1045 366 510 35 1176 288 506 350 770 1614 1505 1301 1764 1346 242 242 1032 1091 42 388 136 136 812 671 1349 1725 1230 518 2026 1265 412 584 308 -1 -1 -1 -1 -1 -1 -1 -1 -1 -1 -1 -1 -1 -1 -1 -1
1701.0,878 1320 368 922 1411 506 998 995 722 1266 530 645 2010 1645 1834 817 1275 880 1645 0 -1 -1 -1 -1 -1 -1 -1 -1 -1 -1 -1 -1 -1 -1 -1 -1 -1 -1 -1 -1 -1 -1 -1 -1 -1 -1 -1 -1 -1 -1 -1 -1 -1 -1 -1 -1 -1 -1 -1 -1 -1 -1 -1 -1 -1 -1 -1 -1 -1 -1
1715.5,878 722 1857 1265 1917 234 1306 770 368 1856 787 889 998 484 171 1502 817 1764 851 1873 2061 1177 1434 506 1346 817 1217 412 722 359 1264 915 646 1756 679 1998 285 1392 1301 1815 -1 -1 -1 -1 -1 -1 -1 -1 -1 -1 -1 -1 -1 -1 -1 -1 -1 -1 -1 -1 -1 -1 -1 -1 -1 -1 -1 -1 -1 -1
1670.5,878 722 1857 1801 1917 506 455 1346 42 136 516 1145 1152 1906 388 880 322 1900 998 1646 851 757 334 1176 817 567 1200 960 35 1320 1725 481 1275 1216 1910 302 2052 1992 8 1769 224 783 1969 1413 441 1178 1308 1851 1915 1239 1010 1216 224 0 -1 -1 -1 -1 -1 -1 -1 -1 -1 -1 -1 -1 -1 -1 -1 -1
2000.5,878 757 1857 995 368 787 801 506 998 234 1909 770 366 960 35 1863 591 1801 2014 212 212 1285 645 240 1600 1713 1197 1191 1848 1441 1653 186 1009 573 869 1011 632 1202 620 709 1053 722 1152 880 2063 1695 1805 1176 481 1817 -1 -1 -1 -1 -1 -1 -1 -1 -1 -1 -1 -1 -1 -1 -1 -1 -1 -1 -1 -1
1649.0,878 757 1857 1801 1300 551 646 1872 817 111 1264 995 1306 1346 722 328 368 787 801 757 1857 817 146 412 528 922 1275 571 1645 865 1361 368 1420 117 1692 1427 719 836 1200 214 1998 1495 992 1355 2044 2044 1301 885 506 602 -1 -1 -1 -1 -1 -1 -1 -1 -1 -1 -1 -1 -1 -1 -1 -1 -1 -1 -1 -1
1712.5,878 757 1857 234 368 787 801 1863 998 506 1945 722 1169 812 1909 960 591 817 817 0 -1 -1 -1 -1 -1 -1 -1 -1 -1 -1 -1 -1 -1 -1 -1 -1 -1 -1 -1 -1 -1 -1 -1 -1 -1 -1 -1 -1 -1 -1 -1 -1 -1 -1 -1 -1 -1 -1 -1 -1 -1 -1 -1 -1 -1 -1 -1 -1 -1 -1
1676.5,878 722 1857 1801 1917 506 455 1346 42 136 516 1145 1152 1808 998 1646 817 1502 1264 783 368 421 286 186 1197 404 359 1265 956 398 332 0 -1 -1 -1 -1 -1 -1 -1 -1 -1 -1 -1 -1 -1 -1 -1 -1 -1 -1 -1 -1 -1 -1 -1 -1 -1 -1 -1 -1 -1 -1 -1 -1 -1 -1 -1 -1 -1 -1
1399.0,878 722 1857 1801 1917 1265 1664 1199 1306 1801 368 1856 787 889 230 506 722 1828 530 322 817 1415 598 328 285 817 777 1349 609 1346 388 0 -1 -1 -1 -1 -1 -1 -1 -1 -1 -1 -1 -1 -1 -1 -1 -1 -1 -1 -1 -1 -1 -1 -1 -1 -1 -1 -1 -1 -1 -1 -1 -1 -1 -1 -1 -1 -1 -1
1954.0,878 234 368 506 998 1475 1910 722 1857 1856 927 960 1917 817 817 1346 332 740 722 1265 1160 848 1474 2020 1945 395 455 1723 1792 836 1846 812 1909 894 1057 59 1870 571 998 1969 455 551 1792 614 1785 953 947 1952 1857 1888 1617 1205 1112 1638 8 1615 1950 10 1393 1998 1835 1997 125 955 1546 1419 -1 -1 -1 -1
2008.0,878 722 1857 1801 1300 302 998 1432 646 1872 679 1946 368 659 351 506 615 234 915 1230 -1 -1 -1 -1 -1 -1 -1 -1 -1 -1 -1 -1 -1 -1 -1 -1 -1 -1 -1 -1 -1 -1 -1 -1 -1 -1 -1 -1 -1 -1 -1 -1 -1 -1 -1 -1 -1 -1 -1 -1 -1 -1 -1 -1 -1 -1 -1 -1 -1 -1
1727.5,878 722 1857 1801 1917 1265 1306 770 368 1856 787 1733 817 880 722 2020 998 624 481 1045 862 579 884 884 1346 234 1219 1366 1725 1230 1664 1733 1167 1191 1945 33 1909 1247 556 1863 64 1202 35 1551 1983 1657 528 997 -1 -1 -1 -1 -1 -1 -1 -1 -1 -1 -1 -1 -1 -1 -1 -1 -1 -1 -1 -1 -1 -1
1738.5,878 1346 42 506 368 1230 752 1745 1167 1475 998 1863 1411 1247 35 1723 528 1738 1053 995 1479 953 366 1053 350 2026 146 960 136 1959 246 804 998 1663 1957 246 223 952 114 1315 -1 -1 -1 -1 -1 -1 -1 -1 -1 -1 -1 -1 -1 -1 -1 -1 -1 -1 -1 -1 -1 -1 -1 -1 -1 -1 -1 -1 -1 -1
1764.0,878 722 1857 1801 1917 1265 1306 506 368 1856 787 889 998 817 722 1200 817 1154 171 907 146 432 1301 1576 1512 285 556 234 1219 1366 1264 953 963 1834 1857 1462 956 2063 2023 2036 1411 1745 1127 1057 1181 1952 651 560 246 1900 1983 1836 1221 1191 628 628 505 804 1945 328 1737 1346 609 777 1653 186 1689 1808 -1 -1
1737.0,878 722 1857 1801 1917 960 368 1856 1306 214 1612 234 -1 -1 -1 -1 -1 -1 -1 -1 -1 -1 -1 -1 -1 -1 -1 -1 -1 -1 -1 -1 -1 -1 -1 -1 -1 -1 -1 -1 -1 -1 -1 -1 -1 -1 -1 -1 -1 -1 -1 -1 -1 -1 -1 -1 -1 -1 -1 -1 -1 -1 -1 -1 -1 -1 -1 -1 -1 -1
1945.0,878 722 1857 234 368 1856 801 506 998 960 862 1176 528 1801 1053 817 752 801 927 757 1983 117 1685 1685 1050 289 722 1370 1707 1355 530 812 738 859 1654 0 -1 -1 -1 -1 -1 -1 -1 -1 -1 -1 -1 -1 -1 -1 -1 -1 -1 -1 -1 -1 -1 -1 -1 -1 -1 -1 -1 -1 -1 -1 -1 -1 -1 -1
1817.0,878 551 368 111 998 234 35 240 528 1320 1053 350 752 922 1945 995 1909 1215 1282 328 1479 302 722 1346 591 1801 1067 1067 1684 2020 1848 1053 503 1914 1232 1011 288 163 1841 1275 1707 729 729 1216 1017 1006 1725 8 8 492 1798 801 222 1870 364 320 1471 1178 1054 1867 -1 -1 -1 -1 -1 -1 -1 -1 -1 -1
1462.0,1614 757 1927 1801 591 551 998 111 499 281 1725 1863 1664 1764 55 1950 409 102 1857 1801 817 907 214 560 885 1998 915 1217 1467 1191 1835 1001 139 506 412 848 1249 1425 1758 722 1868 1636 846 281 894 1306 742 1356 1301 1515 1727 1727 1443 634 1502 1808 1265 219 1159 1867 1194 1832 488 1659 1207 1642 1528 0 -1 -1
1462.0,878 722 1857 1801 1917 1265 1664 1199 1306 1801 368 1856 249 214 814 1191 146 960 1929 1349 894 506 817 136 1959 880 722 679 1419 234 723 1900 1154 0 -1 -1 -1 -1 -1 -1 -1 -1 -1 -1 -1 -1 -1 -1 -1 -1 -1 -1 -1 -1 -1 -1 -1 -1 -1 -1 -1 -1 -1 -1 -1 -1 -1 -1 -1 -1
1462.0,878 1346 42 1959 998 1045 368 506 1857 1801 1300 1863 1467 1872 1657 240 915 506 1235 0 -1 -1 -1 -1 -1 -1 -1 -1 -1 -1 -1 -1 -1 -1 -1 -1 -1 -1 -1 -1 -1 -1 -1 -1 -1 -1 -1 -1 -1 -1 -1 -1 -1 -1 -1 -1 -1 -1 -1 -1 -1 -1 -1 -1 -1 -1 -1 -1 -1 -1
1462.0,1664 722 1576 647 1239 506 1857 1801 1576 817 1725 1265 1201 234 1036 1745 817 1863 368 1733 1614 268 998 1392 1411 1572 1259 328 1883 573 2061 757 1055 787 1856 1346 757 2000 1141 288 8 8 754 1413 1104 281 502 1104 1104 624 136 136 539 955 1978 0 -1 -1 -1 -1 -1 -1 -1 -1 -1 -1 -1 -1 -1 -1
1788.5,878 757 1857 234 368 787 801 551 1614 111 998 1863 35 506 1036 1475 752 817 817 995 1183 412 528 1657 1112 1764 1910 989 992 922 1050 1050 32 1355 1055 1269 1893 1551 284 1336 722 2021 530 0 -1 -1 -1 -1 -1 -1 -1 -1 -1 -1 -1 -1 -1 -1 -1 -1 -1 -1 -1 -1 -1 -1 -1 -1 -1 -1
1762.5,1201 757 368 787 1856 234 1306 506 1411 995 862 1801 1857 960 817 1320 1264 922 230 817 1081 1505 1147 481 118 1911 308 1674 423 955 1792 1801 1582 98 1904 836 1127 1588 1057 551 944 1001 862 728 1896 1769 1769 146 1394 0 -1 -1 -1 -1 -1 -1 -1 -1 -1 -1 -1 -1 -1 -1 -1 -1 -1 -1 -1 -1
1712.5,878 1346 42 995 1857 42 998 506 368 812 1167 1801 1411 783 146 953 817 770 246 1900 1264 1053 1664 1914 1764 1608 1927 328 556 573 1202 802 499 1320 136 350 936 1045 2055 1017 1614 366 757 1648 1366 1795 1758 961 1924 1847 332 421 132 1022 927 0 -1 -1 -1 -1 -1 -1 -1 -1 -1 -1 -1 -1 -1 -1
1712.0,878 1346 42 1959 998 1045 368 506 1917 1745 1857 995 1657 1475 1909 1247 366 770 350 1113 862 1502 528 679 1239 481 136 242 1167 1587 712 0 -1 -1 -1 -1 -1 -1 -1 -1 -1 -1 -1 -1 -1 -1 -1 -1 -1 -1 -1 -1 -1 -1 -1 -1 -1 -1 -1 -1 -1 -1 -1 -1 -1 -1 -1 -1 -1 -1
1712.5,878 1346 42 1959 998 1045 1857 506 368 995 146 1475 1411 960 528 1525 1053 709 227 1549 1857 1723 1909 1176 2014 71 136 136 1684 2020 551 2015 366 1053 455 1022 1707 874 1614 1723 1346 42 242 136 1002 802 1116 1723 289 1746 -1 -1 -1 -1 -1 -1 -1 -1 -1 -1 -1 -1 -1 -1 -1 -1 -1 -1 -1 -1
1772.5,878 995 368 1346 998 506 722 1472 1910 757 1857 1801 361 960 1306 817 1927 1952 591 1205 679 787 801 1790 1205 679 615 1911 862 573 1600 129 1421 955 1053 1392 1959 1769 349 117 1707 1147 448 800 193 381 308 770 374 1392 252 965 249 2020 308 1792 28 1186 1791 0 -1 -1 -1 -1 -1 -1 -1 -1 -1 -1
1790.0,878 722 1857 1801 1917 506 368 1856 801 801 927 234 146 960 817 1313 777 1349 1264 302 752 812 1432 1256 1588 805 -1 -1 -1 -1 -1 -1 -1 -1 -1 -1 -1 -1 -1 -1 -1 -1 -1 -1 -1 -1 -1 -1 -1 -1 -1 -1 -1 -1 -1 -1 -1 -1 -1 -1 -1 -1 -1 -1 -1 -1 -1 -1 -1 -1
1753.0,878 234 368 1952 998 722 1346 1502 1857 242 42 328 1167 1176 1675 1794 35 1873 817 1845 2052 2047 1520 988 666 551 818 755 1206 412 234 965 1380 1349 481 641 16 0 -1 -1 -1 -1 -1 -1 -1 -1 -1 -1 -1 -1 -1 -1 -1 -1 -1 -1 -1 -1 -1 -1 -1 -1 -1 -1 -1 -1 -1 -1 -1 -1
1754.0,878 1346 42 1959 998 1045 1857 1801 368 506 1346 76 146 1502 246 1900 1217 1537 337 915 1917 1275 817 812 129 1713 1747 1657 679 1205 1010 111 1138 1216 1540 1911 1927 1505 481 1727 734 186 2055 761 609 2004 1077 186 718 634 1028 112 1130 158 1617 696 1836 1873 1316 0 -1 -1 -1 -1 -1 -1 -1 -1 -1 -1
1767.5,878 995 368 1346 722 757 1306 1801 1857 117 1725 1873 1036 395 817 836 1909 395 1945 302 2014 1175 366 770 551 1864 350 1176 862 787 787 1652 998 1320 1420 14 599 1685 1219 143 1657 174 1301 1053 356 1022 249 679 359 1505 35 1801 524 524 1770 679 1463 1874 274 509 1055 848 152 0 -1 -1 -1 -1 -1 -1
1741.5,878 722 1857 1801 1917 506 334 1265 1306 817 817 234 35 846 1805 812 851 1963 1513 953 230 2056 1747 877 807 1948 -1 -1 -1 -1 -1 -1 -1 -1 -1 -1 -1 -1 -1 -1 -1 -1 -1 -1 -1 -1 -1 -1 -1 -1 -1 -1 -1 -1 -1 -1 -1 -1 -1 -1 -1 -1 -1 -1 -1 -1 -1 -1 -1 -1
1741.5,878 722 1857 506 1917 1801 334 234 1306 960 817 817 1264 812 129 1713 1361 1346 42 42 368 878 1657 679 359 240 249 679 862 755 992 1911 1239 1239 2044 117 1340 1513 1363 955 335 571 1264 51 1969 770 1077 1937 2031 860 1533 1939 1927 1190 1915 0 -1 -1 -1 -1 -1 -1 -1 -1 -1 -1 -1 -1 -1 -1
1741.5,878 722 1857 1801 1917 506 1306 1313 817 506 368 878 1657 679 359 1525 2063 1346 1167 1502 1036 960 752 1092 332 328 1432 473 539 1178 1446 778 4 1195 862 509 995 1733 1361 481 992 2020 1420 129 599 1953 939 1906 2044 388 289 965 755 2020 1068 421 1928 113 226 0 -1 -1 -1 -1 -1 -1 -1 -1 -1 -1
1798.5,878 1801 368 722 1346 98 998 573 1857 1462 1725 484 171 506 1917 1313 817 817 1576 234 1264 302 1411 506 1614 878 1535 1432 455 1745 246 322 1490 129 1726 1611 332 288 751 1600 1612 978 28 2047 125 955 2061 1147 1946 1200 1834 506 1946 1200 1834 880 1268 544 28 0 -1 -1 -1 -1 -1 -1 -1 -1 -1 -1
1747.0,878 1346 42 506 998 1502 368 242 1857 1801 862 1230 1300 995 1945 1427 1242 783 35 817 1053 1863 1411 1505 1909 1646 2014 216 171 1879 392 1154 1330 182 1234 2058 1707 712 -1 -1 -1 -1 -1 -1 -1 -1 -1 -1 -1 -1 -1 -1 -1 -1 -1 -1 -1 -1 -1 -1 -1 -1 -1 -1 -1 -1 -1 -1 -1 -1
1680.0,878 995 368 1346 998 506 722 1200 1313 473 615 1502 1306 240 28 757 1910 787 787 1723 1857 481 1167 1176 1917 567 388 388 1983 1427 1242 927 35 1080 817 1320 1883 804 680 1587 823 551 147 1906 412 111 156 0 -1 -1 -1 -1 -1 -1 -1 -1 -1 -1 -1 -1 -1 -1 -1 -1 -1 -1 -1 -1 -1 -1
1714.5,878 757 1857 1801 368 787 801 506 998 995 868 234 862 722 146 960 246 1900 481 1178 1036 1863 1323 281 1446 302 200 0 -1 -1 -1 -1 -1 -1 -1 -1 -1 -1 -1 -1 -1 -1 -1 -1 -1 -1 -1 -1 -1 -1 -1 -1 -1 -1 -1 -1 -1 -1 -1 -1 -1 -1 -1 -1 -1 -1 -1 -1 -1 -1
1739.0,878 1346 42 506 368 136 1614 1723 1857 757 998 787 801 1801 35 722 915 1537 337 1872 1265 1520 1411 817 742 922 817 302 369 878 1725 701 361 0 -1 -1 -1 -1 -1 -1 -1 -1 -1 -1 -1 -1 -1 -1 -1 -1 -1 -1 -1 -1 -1 -1 -1 -1 -1 -1 -1 -1 -1 -1 -1 -1 -1 -1 -1 -1
1709.0,878 995 368 234 998 960 722 1176 1910 359 1205 1801 1857 395 1411 836 817 1203 801 801 35 757 1200 817 1669 246 530 1900 286 955 1275 722 1875 0 -1 -1 -1 -1 -1 -1 -1 -1 -1 -1 -1 -1 -1 -1 -1 -1 -1 -1 -1 -1 -1 -1 -1 -1 -1 -1 -1 -1 -1 -1 -1 -1 -1 -1 -1 -1
1702.0,878 234 1857 551 368 111 998 506 1945 817 35 1475 528 722 1346 1392 1275 495 1053 1873 1909 2061 2014 510 556 288 361 1291 17 1725 1112 2047 1868 1502 1910 1992 2067 1186 1817 242 2042 812 1411 1292 1540 1651 1966 104 1707 1571 1363 1387 157 1254 1707 1013 -1 -1 -1 -1 -1 -1 -1 -1 -1 -1 -1 -1 -1 -1
1689.0,1201 234 368 506 1614 551 1857 111 998 1230 1036 817 1945 1176 878 436 35 1801 528 1863 1346 76 1053 1764 366 350 553 1950 1256 1502 1909 1195 1436 1436 1684 464 465 242 42 1160 1707 240 1910 1861 448 2047 302 892 340 1781 802 1905 2004 741 1509 435 1116 289 674 1191 1817 1873 415 0 -1 -1 -1 -1 -1 -1
1679.0,878 1346 722 368 1857 995 1306 757 787 787 334 1801 1036 889 230 1265 1081 1733 817 1863 146 579 528 770 1619 953 879 836 676 68 68 2014 1857 0 -1 -1 -1 -1 -1 -1 -1 -1 -1 -1 -1 -1 -1 -1 -1 -1 -1 -1 -1 -1 -1 -1 -1 -1 -1 -1 -1 -1 -1 -1 -1 -1 -1 -1 -1 -1
1934.0,878 722 1857 1801 1917 1265 1306 506 334 1346 42 136 249 812 455 880 817 1053 1200 877 344 0 -1 -1 -1 -1 -1 -1 -1 -1 -1 -1 -1 -1 -1 -1 -1 -1 -1 -1 -1 -1 -1 -1 -1 -1 -1 -1 -1 -1 -1 -1 -1 -1 -1 -1 -1 -1 -1 -1 -1 -1 -1 -1 -1 -1 -1 -1 -1 -1
1682.5,878 995 368 1346 722 757 1306 117 1857 1801 1725 787 787 1873 1036 579 817 836 35 1080 230 1203 801 801 499 1291 1268 1419 1277 1176 965 783 680 1587 683 831 -1 -1 -1 -1 -1 -1 -1 -1 -1 -1 -1 -1 -1 -1 -1 -1 -1 -1 -1 -1 -1 -1 -1 -1 -1 -1 -1 -1 -1 -1 -1 -1 -1 -1
1735.0,878 1346 42 1959 998 1045 1857 506 368 995 146 1462 1725 484 171 770 1619 1475 1411 1320 817 922 615 817 1657 436 639 639 1834 757 1910 1888 302 1588 1127 978 1927 955 1411 540 -1 -1 -1 -1 -1 -1 -1 -1 -1 -1 -1 -1 -1 -1 -1 -1 -1 -1 -1 -1 -1 -1 -1 -1 -1 -1 -1 -1 -1 -1
1685.0,878 722 1857 1801 1917 1265 1306 506 368 1856 787 889 998 1313 817 1154 171 907 249 1415 814 1191 146 328 1264 1346 1929 1349 609 113 1959 381 249 1745 894 1502 1917 952 801 896 870 956 1307 1191 1927 1247 528 978 1045 859 1617 11 366 1512 350 164 2015 864 2018 2015 882 304 158 0 -1 -1 -1 -1 -1 -1
1777.0,878 234 368 240 998 1549 1910 551 1857 111 1411 817 35 1392 817 722 359 359 302 1067 1588 878 1535 1313 1313 1186 1612 1392 455 2020 1394 506 249 1127 1255 1200 290 227 709 1754 1503 1 1252 978 965 746 1031 1403 882 1622 862 1439 857 1181 1613 1001 286 1942 1945 627 366 1633 1614 1034 757 1828 1664 1051 1764 2008
1666.5,878 551 368 234 998 506 35 111 528 817 752 722 1053 1801 1479 240 366 302 359 359 350 1910 125 1836 2015 2015 1769 1992 8 880 264 1723 1770 812 1560 733 524 1621 1881 696 1917 1370 1707 1905 1080 741 1509 2016 1707 1001 316 1145 1495 1192 1589 634 -1 -1 -1 -1 -1 -1 -1 -1 -1 -1 -1 -1 -1 -1
1619.5,878 551 368 234 998 506 35 111 528 817 1053 1475 752 722 1909 1502 366 350 1275 1856 1645 214 544 123 1707 1897 1414 1657 1814 341 288 430 584 875 -1 -1 -1 -1 -1 -1 -1 -1 -1 -1 -1 -1 -1 -1 -1 -1 -1 -1 -1 -1 -1 -1 -1 -1 -1 -1 -1 -1 -1 -1 -1 -1 -1 -1 -1 -1
1748.5,878 995 368 1863 998 1764 1725 922 752 757 35 1614 1036 506 528 960 1909 1346 722 1472 1053 1664 527 647 1707 1873 2014 551 366 117 1814 2061 463 1725 848 799 1509 484 1330 329 -1 -1 -1 -1 -1 -1 -1 -1 -1 -1 -1 -1 -1 -1 -1 -1 -1 -1 -1 -1 -1 -1 -1 -1 -1 -1 -1 -1 -1 -1
1705.0,878 757 1857 1801 368 787 801 506 998 722 868 234 146 1863 1361 1764 481 182 1306 1313 1664 1815 697 1941 1154 1154 1998 0 -1 -1 -1 -1 -1 -1 -1 -1 -1 -1 -1 -1 -1 -1 -1 -1 -1 -1 -1 -1 -1 -1 -1 -1 -1 -1 -1 -1 -1 -1 -1 -1 -1 -1 -1 -1 -1 -1 -1 -1 -1 -1
2002.0,878 722 1857 1801 1917 506 334 960 817 817 1264 234 2061 1230 1945 33 1306 953 230 955 807 1525 1312 1247 35 302 1588 1127 661 1255 894 506 851 1525 369 1227 1393 1346 368 878 1885 1619 1834 45 1927 864 254 864 332 395 341 836 1834 1544 -1 -1 -1 -1 -1 -1 -1 -1 -1 -1 -1 -1 -1 -1 -1 -1
1710.5,878 1346 42 1959 998 560 368 506 1857 1230 1945 33 118 117 1909 1247 591 1475 817 1502 1264 995 146 960 361 817 1306 2056 1312 1080 1633 117 499 412 1657 770 246 936 1202 802 1200 481 1312 2014 388 42 1785 783 705 757 32 1050 1882 1518 255 255 988 841 568 955 836 1998 -1 -1 -1 -1 -1 -1 -1 -1
1722.0,878 551 368 111 998 234 1910 240 1857 995 1411 328 817 817 118 302 722 1801 35 359 1205 1723 1112 1646 528 1575 136 136 1275 2020 1645 774 455 770 1857 2014 366 1909 1124 1910 1917 1375 1615 1615 465 163 1904 1295 1807 1176 129 129 288 1615 1393 1627 332 421 1591 0 -1 -1 -1 -1 -1 -1 -1 -1 -1 -1
1639.5,878 722 1857 506 1917 1346 42 136 998 1154 214 1801 455 1265 516 880 817 421 146 2036 615 1863 992 1764 1546 679 156 0 -1 -1 -1 -1 -1 -1 -1 -1 -1 -1 -1 -1 -1 -1 -1 -1 -1 -1 -1 -1 -1 -1 -1 -1 -1 -1 -1 -1 -1 -1 -1 -1 -1 -1 -1 -1 -1 -1 -1 -1 -1 -1
1943.5,878 995 368 1346 998 506 722 1472 1910 757 1857 117 361 787 788 1265 1306 1801 499 817 1411 955 35 1392 817 1952 556 302 2063 1045 1846 1011 1034 1533 239 1588 1520 0 -1 -1 -1 -1 -1 -1 -1 -1 -1 -1 -1 -1 -1 -1 -1 -1 -1 -1 -1 -1 -1 -1 -1 -1 -1 -1 -1 -1 -1 -1 -1 -1
1978.5,878 722 1857 1801 1917 885 801 1856 817 234 1306 214 1154 506 368 960 146 817 1910 770 246 246 722 359 1205 146 249 1847 332 812 129 1713 1421 955 1836 908 725 1419 351 1392 481 1502 -1 -1 -1 -1 -1 -1 -1 -1 -1 -1 -1 -1 -1 -1 -1 -1 -1 -1 -1 -1 -1 -1 -1 -1 -1 -1 -1 -1
1278.0,878 1873 368 2061 1614 1346 42 1959 242 1608 673 302 146 1764 288 1178 2063 114 1664 1570 1725 770 998 1190 9 211 338 1867 1163 1869 432 506 246 2014 1207 915 1217 1216 366 843 1272 1869 1917 503 212 765 1108 1022 776 1216 1258 627 1095 1270 1764 1502 881 1869 1444 765 1766 0 -1 -1 -1 -1 -1 -1 -1 -1
2034.5,878 722 1857 1801 1917 506 334 770 817 1265 1306 234 1664 1733 2061 1873 1764 328 230 573 368 1502 285 1413 1264 1176 249 817 359 359 584 1054 992 917 1945 1692 807 1893 1551 701 1683 436 1470 1011 225 1723 1375 2061 1671 1725 481 136 2044 641 471 240 448 804 1772 2047 23 381 629 0 -1 -1 -1 -1 -1 -1
1764.5,878 551 368 111 998 234 1910 506 1857 817 1411 757 722 359 1205 481 136 1959 1306 1230 817 787 787 1427 1242 1847 332 1801 862 679 1239 1239 992 947 1927 289 1868 783 456 8 2067 2067 349 995 -1 -1 -1 -1 -1 -1 -1 -1 -1 -1 -1 -1 -1 -1 -1 -1 -1 -1 -1 -1 -1 -1 -1 -1 -1 -1
1746.5,878 722 1857 234 368 1856 801 1801 1300 1176 915 646 1467 1872 998 506 817 960 1910 817 722 359 1205 481 697 1154 171 1612 995 1713 1983 1065 1142 124 1924 1092 -1 -1 -1 -1 -1 -1 -1 -1 -1 -1 -1 -1 -1 -1 -1 -1 -1 -1 -1 -1 -1 -1 -1 -1 -1 -1 -1 -1 -1 -1 -1 -1 -1 -1
1742.5,878 1346 42 1959 998 560 368 995 1857 506 118 1462 1725 783 1200 117 734 1900 1411 1801 1346 42 817 812 1264 1053 35 368 118 1560 1664 2063 1927 1230 1036 233 1764 779 1268 1427 4 894 615 620 -1 -1 -1 -1 -1 -1 -1 -1 -1 -1 -1 -1 -1 -1 -1 -1 -1 -1 -1 -1 -1 -1 -1 -1 -1 -1
1687.0,878 757 1857 1801 1300 551 646 1872 368 787 801 111 998 117 35 412 817 506 722 481 136 242 1910 1863 1306 817 528 281 302 1419 802 2015 1275 2004 1080 1850 1394 755 615 995 1834 111 332 1873 1846 952 787 1001 1034 289 947 554 1754 49 2016 1952 755 1505 1609 0 -1 -1 -1 -1 -1 -1 -1 -1 -1 -1
1679.5,878 722 1857 234 368 1801 1300 1176 1346 76 1675 1794 1614 770 998 506 817 960 1945 817 35 1801 499 885 801 1856 952 1320 1910 1502 722 359 1205 1897 1217 1756 481 1265 332 955 1664 952 927 641 1887 1355 1600 896 801 0 -1 -1 -1 -1 -1 -1 -1 -1 -1 -1 -1 -1 -1 -1 -1 -1 -1 -1 -1 -1
1679.5,878 722 1857 234 368 1230 359 1427 1242 359 1917 506 249 1775 814 1953 965 1313 817 1265 35 1080 1080 0 -1 -1 -1 -1 -1 -1 -1 -1 -1 -1 -1 -1 -1 -1 -1 -1 -1 -1 -1 -1 -1 -1 -1 -1 -1 -1 -1 -1 -1 -1 -1 -1 -1 -1 -1 -1 -1 -1 -1 -1 -1 -1 -1 -1 -1 -1
1957.5,878 722 1857 1801 1917 506 334 770 1306 960 817 817 1264 848 1945 506 368 1856 787 1462 998 1863 722 1897 1411 624 1725 1733 892 952 423 726 801 801 927 1764 1099 0 -1 -1 -1 -1 -1 -1 -1 -1 -1 -1 -1 -1 -1 -1 -1 -1 -1 -1 -1 -1 -1 -1 -1 -1 -1 -1 -1 -1 -1 -1 -1 -1
1717.5,878 1502 368 1346 42 242 1411 506 1306 1230 249 1320 862 995 2052 783 900 817 999 412 1657 1475 1436 1436 308 1820 423 955 1648 395 1909 1952 1053 722 827 1108 1105 878 1313 76 827 1836 936 1801 2036 1737 128 767 160 0 -1 -1 -1 -1 -1 -1 -1 -1 -1 -1 -1 -1 -1 -1 -1 -1 -1 -1 -1 -1
1699.0,878 1346 42 1959 998 1045 368 1801 1300 995 1857 1176 817 1462 1725 907 171 506 146 817 1264 770 1619 1863 1411 2020 615 1005 246 322 1792 2036 909 802 1002 421 1657 679 1010 1135 1132 1626 1138 1138 499 1005 549 1147 1104 1844 -1 -1 -1 -1 -1 -1 -1 -1 -1 -1 -1 -1 -1 -1 -1 -1 -1 -1 -1 -1
1684.0,878 995 368 1346 2052 757 999 1801 42 42 1300 960 817 506 1264 817 988 1520 1081 783 1945 412 146 1200 1959 227 1368 328 1411 573 1002 802 125 955 1657 2020 64 2015 609 0 -1 -1 -1 -1 -1 -1 -1 -1 -1 -1 -1 -1 -1 -1 -1 -1 -1 -1 -1 -1 -1 -1 -1 -1 -1 -1 -1 -1 -1 -1
1699.5,878 722 1857 506 1917 1265 1306 1801 368 1856 787 889 998 1313 817 907 171 1692 1411 817 146 1952 1619 1175 308 770 1346 328 234 1366 631 955 1614 1320 742 281 1983 412 1192 922 252 1104 246 1900 723 404 1349 1160 879 641 947 804 1747 356 1781 0 -1 -1 -1 -1 -1 -1 -1 -1 -1 -1 -1 -1 -1 -1
1679.5,1909 1346 1945 722 591 1265 1306 878 368 1457 1457 368 1614 1801 361 506 146 817 817 770 1725 350 1414 1484 2005 1235 1312 271 597 1490 2063 783 742 551 1002 802 347 955 18 875 961 404 2052 75 1393 240 1307 186 1976 1216 1322 1906 1677 1997 1200 0 -1 -1 -1 -1 -1 -1 -1 -1 -1 -1 -1 -1 -1 -1
1679.5,878 757 1857 234 368 787 801 506 998 1863 1945 995 1909 1346 42 42 591 812 146 770 1619 117 817 1080 528 1448 1747 755 246 1900 836 1888 136 240 734 936 1467 240 1675 1953 542 778 1831 1022 -1 -1 -1 -1 -1 -1 -1 -1 -1 -1 -1 -1 -1 -1 -1 -1 -1 -1 -1 -1 -1 -1 -1 -1 -1 -1
1679.5,878 722 1857 1801 1917 506 334 234 1306 1230 1945 33 230 960 807 817 1312 1247 817 1863 851 1764 369 1873 368 1856 787 1346 722 240 1002 2015 528 1646 1725 1801 1983 656 146 1952 530 246 1868 1392 1983 709 227 506 909 1533 836 714 1082 1191 797 1587 537 0 -1 -1 -1 -1 -1 -1 -1 -1 -1 -1 -1 -1
1679.5,878 722 1857 506 679 234 1857 1313 998 1154 214 960 35 817 1411 812 528 757 1053 1801 1707 412 455 770 1600 1713 1247 1657 33 1295 1848 1969 742 176 800 1836 1909 2014 366 1346 1848 1665 212 709 938 1471 827 1850 -1 -1 -1 -1 -1 -1 -1 -1 -1 -1 -1 -1 -1 -1 -1 -1 -1 -1 -1 -1 -1 -1
1679.5,1857 757 1927 234 591 506 878 995 722 359 817 878 1657 783 368 787 516 1145 146 960 752 421 1432 404 1306 214 1154 411 332 1801 722 679 35 1045 759 2005 938 1969 1265 1836 1883 2052 1055 1522 333 917 2031 421 138 0 -1 -1 -1 -1 -1 -1 -1 -1 -1 -1 -1 -1 -1 -1 -1 -1 -1 -1 -1 -1
1679.5,878 757 1857 1346 42 1959 998 568 1036 506 817 953 1300 1801 1657 412 915 1872 1917 995 334 783 146 648 332 848 262 817 1911 551 947 226 1239 1419 1200 1107 1669 955 1200 1873 752 49 1924 1256 740 302 455 2056 1252 2004 1105 127 1031 2016 1910 870 1393 330 1711 2067 1402 0 -1 -1 -1 -1 -1 -1 -1 -1
1679.5,878 757 1857 234 368 787 801 506 998 1863 1945 995 1909 1346 42 136 1169 1801 591 1154 738 1235 1154 1462 35 817 1053 281 892 1764 1723 922 252 1104 240 1392 1306 1533 343 678 1683 1683 374 1816 1707 1311 1733 1505 1910 770 452 629 611 1873 104 1603 -1 -1 -1 -1 -1 -1 -1 -1 -1 -1 -1 -1 -1 -1
1679.5,878 757 1857 234 368 787 801 506 998 1863 1945 722 1169 960 1909 1764 2014 922 1900 246 591 240 35 2047 1312 1313 1535 1535 1752 817 734 1900 528 412 1053 571 481 1888 734 955 1275 1346 1946 1216 2055 1017 1546 1952 2020 302 1684 1676 1707 421 2016 880 723 2049 2044 770 1306 705 1791 860 442 955 1336 598 -1 -1
1679.5,878 757 1857 234 368 787 801 506 998 1863 1945 995 1909 1346 42 42 1169 1801 591 812 817 1462 146 817 1725 624 1664 1413 246 322 388 571 1200 2020 220 2044 1614 714 1161 1355 308 0 -1 -1 -1 -1 -1 -1 -1 -1 -1 -1 -1 -1 -1 -1 -1 -1 -1 -1 -1 -1 -1 -1 -1 -1 -1 -1 -1 -1
1677.0,878 757 1857 234 368 787 801 506 998 1863 1945 995 1909 1346 42 136 1169 1764 591 1154 738 1075 1154 1336 35 714 817 960 1055 1801 646 603 603 778 1848 1664 1244 1869 501 1832 1112 1873 612 171 529 207 118 575 1400 207 118 1131 1297 1869 998 922 501 1270 1042 1022 252 608 448 1392 442 1022 609 609 2047 0
1676.5,878 757 1857 234 368 787 801 506 998 1863 1945 995 1909 1346 42 136 1169 1154 1154 1537 910 1462 118 817 1725 960 410 1911 1112 1764 1234 1873 1664 527 527 5 267 922 1234 645 284 484 907 381 226 240 1413 1505 783 1723 49 1190 1265 501 1564 792 55 314 1502 769 1614 894 207 2053 1832 611 207 1071 1910 1846
1676.5,878 757 1857 234 368 787 801 506 998 1863 1945 722 1169 1801 1909 1764 591 960 2014 240 366 770 551 802 481 817 350 1414 35 506 528 136 42 885 952 1856 927 1911 1983 117 1053 1873 2059 49 351 1664 2036 1112 742 1245 1689 186 1591 1587 99 1836 1834 232 -1 -1 -1 -1 -1 -1 -1 -1 -1 -1 -1 -1
1648.5,878 1502 368 1346 42 242 1411 1801 1306 506 1857 1230 1945 1427 1242 995 146 960 817 817 2052 1863 1081 1320 369 1764 1983 551 2047 1520 988 1200 2005 0 -1 -1 -1 -1 -1 -1 -1 -1 -1 -1 -1 -1 -1 -1 -1 -1 -1 -1 -1 -1 -1 -1 -1 -1 -1 -1 -1 -1 -1 -1 -1 -1 -1 -1 -1 -1
1803.0,878 722 1857 1801 1300 1265 817 885 801 952 1306 1733 368 1502 698 234 35 0 -1 -1 -1 -1 -1 -1 -1 -1 -1 -1 -1 -1 -1 -1 -1 -1 -1 -1 -1 -1 -1 -1 -1 -1 -1 -1 -1 -1 -1 -1 -1 -1 -1 -1 -1 -1 -1 -1 -1 -1 -1 -1 -1 -1 -1 -1 -1 -1 -1 -1 -1 -1
1739.5,878 551 368 111 998 1801 1346 1657 1910 234 1205 1239 1857 111 1167 1176 1675 1794 817 995 1726 1713 1264 722 481 328 146 136 1959 770 965 212 680 186 125 1587 227 1834 1768 1953 774 2063 1736 1178 683 683 1090 0 -1 -1 -1 -1 -1 -1 -1 -1 -1 -1 -1 -1 -1 -1 -1 -1 -1 -1 -1 -1 -1 -1
1588.5,878 757 1857 1801 368 787 801 722 1420 1863 599 1685 1050 2020 1416 506 998 234 1411 817 146 770 246 322 481 1045 817 1764 1725 885 1306 1490 1910 922 302 2047 1375 62 1259 412 992 1355 332 1888 481 4 1160 1950 1952 551 1747 388 2044 2056 1470 2004 32 32 -1 -1 -1 -1 -1 -1 -1 -1 -1 -1 -1 -1
1588.5,878 757 1857 1801 368 722 1346 885 1306 914 1242 506 1917 234 146 960 817 817 2052 770 35 1863 1945 1764 1036 1873 1725 49 1614 1664 1112 1891 23 281 1742 412 950 14 314 1513 1948 689 1336 1861 609 946 413 1698 1393 1897 1850 1011 539 860 1978 0 -1 -1 -1 -1 -1 -1 -1 -1 -1 -1 -1 -1 -1 -1
1700.0,878 757 1857 234 368 787 801 722 1167 1176 1675 639 836 412 998 1723 817 1863 35 551 1770 524 1375 1080 528 117 732 1045 1883 1764 2061 281 1192 111 16 1191 715 328 1551 1505 289 1874 394 1534 1320 14 1050 404 1835 1997 412 1534 491 1001 281 1801 1637 102 1705 1265 1546 0 -1 -1 -1 -1 -1 -1 -1 -1
1717.5,878 995 368 1346 2052 757 42 1959 999 787 1917 953 817 506 1081 1801 561 801 801 412 851 1176 697 783 35 648 332 226 992 350 1747 848 146 952 896 309 -1 -1 -1 -1 -1 -1 -1 -1 -1 -1 -1 -1 -1 -1 -1 -1 -1 -1 -1 -1 -1 -1 -1 -1 -1 -1 -1 -1 -1 -1 -1 -1 -1 -1
1719.5,878 1346 42 1959 998 560 368 506 1857 1230 1945 33 1909 1247 118 117 1917 995 35 1888 817 350 -1 -1 -1 -1 -1 -1 -1 -1 -1 -1 -1 -1 -1 -1 -1 -1 -1 -1 -1 -1 -1 -1 -1 -1 -1 -1 -1 -1 -1 -1 -1 -1 -1 -1 -1 -1 -1 -1 -1 -1 -1 -1 -1 -1 -1 -1 -1 -1
1648.0,1857 1346 1927 757 591 995 817 506 334 783 998 817 878 770 722 848 1219 1050 862 117 1657 506 848 510 1096 860 1895 0 -1 -1 -1 -1 -1 -1 -1 -1 -1 -1 -1 -1 -1 -1 -1 -1 -1 -1 -1 -1 -1 -1 -1 -1 -1 -1 -1 -1 -1 -1 -1 -1 -1 -1 -1 -1 -1 -1 -1 -1 -1 -1
1648.0,1857 1346 1885 757 1857 506 1927 995 591 1801 368 787 801 889 1306 1265 915 1872 817 817 1614 117 146 848 1201 49 998 1256 892 344 818 841 1301 344 1264 1080 262 804 1911 551 1946 1861 544 0 -1 -1 -1 -1 -1 -1 -1 -1 -1 -1 -1 -1 -1 -1 -1 -1 -1 -1 -1 -1 -1 -1 -1 -1 -1 -1
1758.5,878 757 998 234 1927 995 591 1801 334 1176 35 506 1910 960 1945 817 1857 510 345 885 1909 1769 817 1851 1711 1870 1242 567 35 1346 42 42 -1 -1 -1 -1 -1 -1 -1 -1 -1 -1 -1 -1 -1 -1 -1 -1 -1 -1 -1 -1 -1 -1 -1 -1 -1 -1 -1 -1 -1 -1 -1 -1 -1 -1 -1 -1 -1 -1
1759.5,878 722 1857 1801 1917 1265 1306 506 368 1856 787 889 998 484 171 1313 615 2020 1346 877 1411 1154 -1 -1 -1 -1 -1 -1 -1 -1 -1 -1 -1 -1 -1 -1 -1 -1 -1 -1 -1 -1 -1 -1 -1 -1 -1 -1 -1 -1 -1 -1 -1 -1 -1 -1 -1 -1 -1 -1 -1 -1 -1 -1 -1 -1 -1 -1 -1 -1
1849.5,878 757 1857 995 368 787 801 506 998 1801 868 1462 1725 484 1154 1346 722 679 862 412 1167 1176 1036 817 1775 1801 264 801 783 1483 392 762 -1 -1 -1 -1 -1 -1 -1 -1 -1 -1 -1 -1 -1 -1 -1 -1 -1 -1 -1 -1 -1 -1 -1 -1 -1 -1 -1 -1 -1 -1 -1 -1 -1 -1 -1 -1 -1 -1
1409.5,878 722 1857 1801 1917 1265 1664 647 1306 1265 368 1856 787 889 549 506 722 1200 1346 877 1411 998 1154 907 285 1415 837 234 1219 1366 1462 817 1554 1954 220 1320 423 955 1745 1908 1924 978 1909 1560 1617 1147 351 1959 -1 -1 -1 -1 -1 -1 -1 -1 -1 -1 -1 -1 -1 -1 -1 -1 -1 -1 -1 -1 -1 -1
1409.5,1927 551 591 111 1614 757 998 1801 499 281 1664 1764 1893 343 1872 171 409 517 1471 1217 1467 1191 1857 755 238 1045 1654 0 -1 -1 -1 -1 -1 -1 -1 -1 -1 -1 -1 -1 -1 -1 -1 -1 -1 -1 -1 -1 -1 -1 -1 -1 -1 -1 -1 -1 -1 -1 -1 -1 -1 -1 -1 -1 -1 -1 -1 -1 -1 -1
1409.5,878 1346 42 1959 998 1045 1857 1801 368 506 1917 1745 1657 995 1909 0 -1 -1 -1 -1 -1 -1 -1 -1 -1 -1 -1 -1 -1 -1 -1 -1 -1 -1 -1 -1 -1 -1 -1 -1 -1 -1 -1 -1 -1 -1 -1 -1 -1 -1 -1 -1 -1 -1 -1 -1 -1 -1 -1 -1 -1 -1 -1 -1 -1 -1 -1 -1 -1 -1
1409.5,878 757 1857 234 368 787 801 1863 1614 722 836 1127 1588 947 1036 506 817 960 998 350 1012 1801 1848 848 1467 1191 1945 1872 1756 357 680 1922 481 2014 802 970 118 395 339 827 1927 378 738 1001 947 641 1394 503 1895 357 1307 503 1868 620 697 51 723 404 -1 -1 -1 -1 -1 -1 -1 -1 -1 -1 -1 -1
1409.5,878 722 1857 1801 1917 770 368 1856 801 1265 915 1872 998 947 817 783 1927 620 697 506 722 1239 1264 234 862 922 1239 359 1340 1191 1394 848 763 0 -1 -1 -1 -1 -1 -1 -1 -1 -1 -1 -1 -1 -1 -1 -1 -1 -1 -1 -1 -1 -1 -1 -1 -1 -1 -1 -1 -1 -1 -1 -1 -1 -1 -1 -1 -1
1409.5,878 995 1857 0 -1 -1 -1 -1 -1 -1 -1 -1 -1 -1 -1 -1 -1 -1 -1 -1 -1 -1 -1 -1 -1 -1 -1 -1 -1 -1 -1 -1 -1 -1 -1 -1 -1 -1 -1 -1 -1 -1 -1 -1 -1 -1 -1 -1 -1 -1 -1 -1 -1 -1 -1 -1 -1 -1 -1 -1 -1 -1 -1 -1 -1 -1 -1 -1 -1 -1
1409.5,878 722 1857 1801 1917 1265 455 1368 368 801 709 1483 1332 110 1758 1346 388 0 -1 -1 -1 -1 -1 -1 -1 -1 -1 -1 -1 -1 -1 -1 -1 -1 -1 -1 -1 -1 -1 -1 -1 -1 -1 -1 -1 -1 -1 -1 -1 -1 -1 -1 -1 -1 -1 -1 -1 -1 -1 -1 -1 -1 -1 -1 -1 -1 -1 -1 -1 -1
1409.5,878 722 1857 1801 1917 506 455 1265 814 1191 1917 110 549 848 262 880 697 1242 1870 885 1361 1870 719 1619 334 1587 981 234 35 421 1684 1608 1708 1836 1542 1906 751 960 41 1997 764 0 -1 -1 -1 -1 -1 -1 -1 -1 -1 -1 -1 -1 -1 -1 -1 -1 -1 -1 -1 -1 -1 -1 -1 -1 -1 -1 -1 -1
1409.5,878 722 1857 1801 1300 1863 698 1764 851 506 817 922 368 1346 42 1646 359 1682 1306 1154 171 481 146 1952 530 936 598 960 230 848 1018 1349 777 113 1408 634 91 0 -1 -1 -1 -1 -1 -1 -1 -1 -1 -1 -1 -1 -1 -1 -1 -1 -1 -1 -1 -1 -1 -1 -1 -1 -1 -1 -1 -1 -1 -1 -1 -1
1409.5,878 757 1857 995 368 787 801 1801 998 801 927 1320 1300 922 35 947 1008 0 -1 -1 -1 -1 -1 -1 -1 -1 -1 -1 -1 -1 -1 -1 -1 -1 -1 -1 -1 -1 -1 -1 -1 -1 -1 -1 -1 -1 -1 -1 -1 -1 -1 -1 -1 -1 -1 -1 -1 -1 -1 -1 -1 -1 -1 -1 -1 -1 -1 -1 -1 -1
1409.5,878 551 368 111 998 1320 1910 922 1857 1801 35 234 528 506 1945 817 1053 1873 722 240 1917 2061 995 1713 542 955 455 432 1346 1646 938 1725 100 865 699 1735 1817 215 1707 388 81 1001 407 634 388 136 1378 112 619 1899 27 635 405 981 306 0 -1 -1 -1 -1 -1 -1 -1 -1 -1 -1 -1 -1 -1 -1
1792.0,878 722 1857 1801 1917 506 334 1265 1306 817 817 1863 230 234 851 1230 1945 33 1264 770 807 953 1312 1247 368 1856 787 268 1346 328 35 846 206 510 1484 2026 1785 573 722 359 679 679 1010 1247 1533 755 1301 1502 1217 1872 1792 1535 -1 -1 -1 -1 -1 -1 -1 -1 -1 -1 -1 -1 -1 -1 -1 -1 -1 -1
1725.5,878 722 1857 1801 1917 1265 1306 234 368 1856 787 1733 817 1230 814 1145 1990 1906 262 770 568 2020 1928 1668 1490 801 1721 1178 998 243 836 239 1588 661 862 1486 900 271 1648 281 481 1143 1669 0 -1 -1 -1 -1 -1 -1 -1 -1 -1 -1 -1 -1 -1 -1 -1 -1 -1 -1 -1 -1 -1 -1 -1 -1 -1 -1
1736.0,878 1801 1857 506 722 848 1945 24 679 679 368 573 1917 1346 1167 1502 1411 1176 817 995 1910 783 302 1588 598 328 2063 817 1909 1282 1402 0 -1 -1 -1 -1 -1 -1 -1 -1 -1 -1 -1 -1 -1 -1 -1 -1 -1 -1 -1 -1 -1 -1 -1 -1 -1 -1 -1 -1 -1 -1 -1 -1 -1 -1 -1 -1 -1 -1
1743.0,878 757 998 234 1927 1801 591 722 334 506 1479 960 146 1863 246 246 481 146 817 817 1910 1992 904 1657 1945 812 1393 1764 1306 1336 368 787 787 1969 1112 388 136 1375 464 846 1834 952 992 226 1295 2020 366 551 600 1911 350 709 -1 -1 -1 -1 -1 -1 -1 -1 -1 -1 -1 -1 -1 -1 -1 -1 -1 -1
1943.5,878 722 1857 234 368 1856 801 757 1167 1176 1675 639 836 412 862 0 -1 -1 -1 -1 -1 -1 -1 -1 -1 -1 -1 -1 -1 -1 -1 -1 -1 -1 -1 -1 -1 -1 -1 -1 -1 -1 -1 -1 -1 -1 -1 -1 -1 -1 -1 -1 -1 -1 -1 -1 -1 -1 -1 -1 -1 -1 -1 -1 -1 -1 -1 -1 -1 -1
1885.5,878 1502 368 1346 42 242 1411 1801 1306 506 1857 1230 230 995 249 436 1945 1427 1870 783 817 1863 1264 817 1657 1239 359 240 308 551 1275 1960 584 62 1259 1054 879 1764 1112 1448 1614 1950 1950 1259 -1 -1 -1 -1 -1 -1 -1 -1 -1 -1 -1 -1 -1 -1 -1 -1 -1 -1 -1 -1 -1 -1 -1 -1 -1 -1
1792.0,878 757 1857 234 368 787 801 506 998 1863 1927 551 591 111 817 1801 1169 817 146 1176 528 1505 1275 1657 1645 865 1945 75 75 997 -1 -1 -1 -1 -1 -1 -1 -1 -1 -1 -1 -1 -1 -1 -1 -1 -1 -1 -1 -1 -1 -1 -1 -1 -1 -1 -1 -1 -1 -1 -1 -1 -1 -1 -1 -1 -1 -1 -1 -1
1673.5,878 722 1857 1801 1917 1265 1306 506 368 1856 787 889 998 1313 817 907 171 1346 1300 1176 1264 817 1614 998 1983 9 1893 877 146 1952 1619 1969 1657 284 2061 1692 1551 0 -1 -1 -1 -1 -1 -1 -1 -1 -1 -1 -1 -1 -1 -1 -1 -1 -1 -1 -1 -1 -1 -1 -1 -1 -1 -1 -1 -1 -1 -1 -1 -1
1960.0,878 1346 42 1959 998 1045 1857 506 368 1230 1917 995 35 1475 1945 1427 1242 1502 1053 1723 851 1873 2061 1716 146 960 136 242 2059 817 246 246 1909 1764 1551 2061 618 1725 1891 560 249 952 1707 789 289 1828 1954 950 -1 -1 -1 -1 -1 -1 -1 -1 -1 -1 -1 -1 -1 -1 -1 -1 -1 -1 -1 -1 -1 -1
1677.5,878 1502 368 1346 42 242 1411 995 1306 302 1857 506 817 783 1264 817 230 412 1657 1475 982 1239 679 679 1010 1176 752 510 1785 551 1275 1836 947 506 351 1863 1027 117 1909 1282 1282 1436 262 398 1758 232 1147 1998 1002 722 1480 1195 -1 -1 -1 -1 -1 -1 -1 -1 -1 -1 -1 -1 -1 -1 -1 -1 -1 -1
1924.0,878 995 368 1346 2052 506 722 1472 1411 757 1306 1801 361 117 1857 787 787 889 118 817 817 1471 193 770 1725 1863 1124 1392 332 1011 1910 328 1909 1176 2061 1897 1857 421 1312 302 530 936 1657 1135 1394 240 366 679 1010 1247 1002 1202 1147 68 1523 573 2014 212 1983 1769 1689 186 510 927 574 728 1439 349 -1 -1
1959.5,878 757 1857 995 368 787 801 1863 998 412 1927 506 591 1801 1081 960 817 1764 1725 922 35 817 1910 722 1909 1359 2014 917 302 1664 527 551 1834 647 1846 1952 1280 907 171 234 802 2015 1900 163 1034 936 947 1107 2049 2049 146 1836 2005 859 738 0 -1 -1 -1 -1 -1 -1 -1 -1 -1 -1 -1 -1 -1 -1
1849.0,878 1502 368 1346 42 242 1411 1801 1306 551 862 111 1857 395 817 817 1264 836 230 1692 1657 1745 982 1392 1945 117 1127 661 1904 995 499 1109 226 679 852 1873 2047 1652 697 1239 1010 656 240 0 -1 -1 -1 -1 -1 -1 -1 -1 -1 -1 -1 -1 -1 -1 -1 -1 -1 -1 -1 -1 -1 -1 -1 -1 -1 -1
1960.5,878 1502 368 1346 42 1959 998 1045 1917 1745 1857 995 1657 506 1909 742 1313 1313 1983 506 2014 481 697 2020 388 242 862 240 1053 679 359 953 366 1053 452 1022 1707 1505 663 1190 2044 42 555 509 1289 50 1793 1587 7 0 -1 -1 -1 -1 -1 -1 -1 -1 -1 -1 -1 -1 -1 -1 -1 -1 -1 -1 -1 -1
1807.5,878 757 1857 1801 368 1614 1256 506 998 995 817 1462 722 848 1945 395 1346 877 1036 836 234 117 118 1265 1420 1312 16 1191 1664 647 647 2009 1554 1954 1142 281 1775 1320 947 1952 530 1900 723 404 455 0 -1 -1 -1 -1 -1 -1 -1 -1 -1 -1 -1 -1 -1 -1 -1 -1 -1 -1 -1 -1 -1 -1 -1 -1
1806.5,878 757 1857 1801 368 787 801 995 998 506 868 234 862 722 146 960 246 1900 481 182 1306 1922 1664 0 -1 -1 -1 -1 -1 -1 -1 -1 -1 -1 -1 -1 -1 -1 -1 -1 -1 -1 -1 -1 -1 -1 -1 -1 -1 -1 -1 -1 -1 -1 -1 -1 -1 -1 -1 -1 -1 -1 -1 -1 -1 -1 -1 -1 -1 -1
1903.5,878 722 1857 1801 1917 1265 1306 506 334 817 817 1873 1264 234 230 1230 1945 812 129 1713 249 953 807 955 35 846 464 1861 2061 328 455 1346 1736 404 679 755 1857 473 473 117 524 1360 1969 1570 90 1801 752 1191 992 1587 1252 1505 448 679 679 1764 1551 1485 1614 236 1910 2061 1927 1517 1470 1020 635 0 -1 -1
2009.5,878 995 368 1346 2052 757 42 1959 999 787 1917 1560 817 1801 1725 117 1081 1265 615 506 146 817 1747 960 992 381 448 770 1619 2014 227 212 709 722 697 1001 956 1176 2023 728 1481 246 1243 1191 362 887 947 111 452 1505 1846 1359 2063 11 -1 -1 -1 -1 -1 -1 -1 -1 -1 -1 -1 -1 -1 -1 -1 -1
1731.0,878 757 1857 995 368 328 1346 573 1614 722 998 234 1411 556 817 1863 68 341 35 1176 1910 1992 1615 1045 697 1952 351 960 1197 551 544 186 1909 404 2014 399 1836 1911 1173 0 -1 -1 -1 -1 -1 -1 -1 -1 -1 -1 -1 -1 -1 -1 -1 -1 -1 -1 -1 -1 -1 -1 -1 -1 -1 -1 -1 -1 -1 -1
2004.0,878 757 1857 234 368 787 801 506 998 1863 1945 722 1169 350 146 812 481 388 42 182 998 1200 118 1558 193 240 1036 1505 -1 -1 -1 -1 -1 -1 -1 -1 -1 -1 -1 -1 -1 -1 -1 -1 -1 -1 -1 -1 -1 -1 -1 -1 -1 -1 -1 -1 -1 -1 -1 -1 -1 -1 -1 -1 -1 -1 -1 -1 -1 -1
1207.5,878 757 368 1346 42 1959 988 1537 910 506 1857 995 998 1520 35 817 1520 1791 981 1320 374 1801 333 1235 960 1801 246 1900 635 922 1411 0 -1 -1 -1 -1 -1 -1 -1 -1 -1 -1 -1 -1 -1 -1 -1 -1 -1 -1 -1 -1 -1 -1 -1 -1 -1 -1 -1 -1 -1 -1 -1 -1 -1 -1 -1 -1 -1 -1
1207.5,878 551 368 1320 998 1764 1910 1664 1857 171 171 1873 1917 757 285 1346 388 722 1597 302 828 1176 1588 646 817 1427 359 1647 159 1537 337 506 1517 186 705 783 140 0 -1 -1 -1 -1 -1 -1 -1 -1 -1 -1 -1 -1 -1 -1 -1 -1 -1 -1 -1 -1 -1 -1 -1 -1 -1 -1 -1 -1 -1 -1 -1 -1
1207.5,878 1873 2063 2061 1917 1725 763 0 -1 -1 -1 -1 -1 -1 -1 -1 -1 -1 -1 -1 -1 -1 -1 -1 -1 -1 -1 -1 -1 -1 -1 -1 -1 -1 -1 -1 -1 -1 -1 -1 -1 -1 -1 -1 -1 -1 -1 -1 -1 -1 -1 -1 -1 -1 -1 -1 -1 -1 -1 -1 -1 -1 -1 -1 -1 -1 -1 -1 -1 -1
1605.5,878 757 1857 234 368 995 1346 722 1167 1176 1675 639 817 1764 2061 1664 1614 171 1154 1863 35 1549 2052 960 1969 281 1910 817 302 1723 760 1334 528 1292 1945 1313 1313 1186 1983 1292 1846 2004 1280 117 1952 246 2049 1900 754 1001 286 955 754 499 723 404 1275 1065 1142 370 1252 2036 347 2015 584 444 -1 -1 -1 -1
1913.0,878 551 368 111 998 234 35 506 752 817 528 1475 1053 1320 1275 757 1346 1657 1645 865 1910 989 1036 1863 366 350 1814 1764 1684 1664 892 1313 699 0 -1 -1 -1 -1 -1 -1 -1 -1 -1 -1 -1 -1 -1 -1 -1 -1 -1 -1 -1 -1 -1 -1 -1 -1 -1 -1 -1 -1 -1 -1 -1 -1 -1 -1 -1 -1
1617.0,878 234 368 506 998 1475 1910 1502 1857 551 1411 111 817 1873 722 359 1205 1525 995 1723 813 1191 -1 -1 -1 -1 -1 -1 -1 -1 -1 -1 -1 -1 -1 -1 -1 -1 -1 -1 -1 -1 -1 -1 -1 -1 -1 -1 -1 -1 -1 -1 -1 -1 -1 -1 -1 -1 -1 -1 -1 -1 -1 -1 -1 -1 -1 -1 -1 -1
1964.5,878 995 368 1346 2052 1801 999 506 722 240 1411 1646 1036 757 1306 1801 817 1952 530 322 1081 1614 146 163 230 960 777 884 1264 817 807 573 1375 506 455 412 1230 1436 1436 1249 1600 129 1138 754 1264 350 1657 679 1010 1611 332 551 1147 754 1785 2056 1924 0 -1 -1 -1 -1 -1 -1 -1 -1 -1 -1 -1 -1
1722.0,878 757 1857 234 368 787 801 1801 1614 801 927 117 35 927 952 722 35 1320 998 506 752 1176 1053 960 1036 817 448 812 663 1109 1112 1764 9 1873 72 281 836 2058 213 2061 452 291 1363 1462 118 1265 1828 629 499 1826 1356 551 696 0 -1 -1 -1 -1 -1 -1 -1 -1 -1 -1 -1 -1 -1 -1 -1 -1
1967.0,878 757 1857 234 368 787 801 506 998 1863 1945 995 1909 1472 2014 1801 35 960 366 412 528 1691 1910 801 927 997 -1 -1 -1 -1 -1 -1 -1 -1 -1 -1 -1 -1 -1 -1 -1 -1 -1 -1 -1 -1 -1 -1 -1 -1 -1 -1 -1 -1 -1 -1 -1 -1 -1 -1 -1 -1 -1 -1 -1 -1 -1 -1 -1 -1
1950.0,878 722 1857 1801 1917 1265 1306 506 334 234 817 817 146 1230 230 770 1619 2014 900 510 1664 1733 1264 955 2061 1873 1764 328 851 573 1969 268 1375 846 206 271 1648 2020 368 302 1588 1255 1983 1227 351 1107 369 1427 719 1856 927 927 787 1763 1533 884 -1 -1 -1 -1 -1 -1 -1 -1 -1 -1 -1 -1 -1 -1
1665.0,878 995 368 506 2052 960 722 510 1895 551 544 234 1200 359 359 1952 530 246 734 322 146 1231 1095 444 1917 1863 1053 1764 1791 1001 1411 1801 449 1404 1925 1646 1857 1651 1966 0 -1 -1 -1 -1 -1 -1 -1 -1 -1 -1 -1 -1 -1 -1 -1 -1 -1 -1 -1 -1 -1 -1 -1 -1 -1 -1 -1 -1 -1 -1
1643.5,878 757 1857 234 368 787 801 1801 998 722 1857 302 1917 506 817 1432 455 1346 136 136 388 1368 709 1265 1467 1872 1835 186 37 1939 35 49 1520 1184 1751 571 752 1201 1264 256 1419 0 -1 -1 -1 -1 -1 -1 -1 -1 -1 -1 -1 -1 -1 -1 -1 -1 -1 -1 -1 -1 -1 -1 -1 -1 -1 -1 -1 -1
1735.0,878 757 1857 1801 368 787 801 722 1420 1863 599 1685 1050 2020 1416 506 998 817 146 234 481 1045 697 182 118 1045 734 322 322 1900 1053 812 752 1621 1112 1873 1234 2061 157 291 682 1272 1234 789 1306 1490 1411 1190 471 1843 213 1505 35 107 580 1272 952 1856 499 1320 1342 214 216 1346 42 350 769 0 -1 -1
1680.0,1857 1346 1927 1801 591 1230 368 995 1614 740 2061 1863 1201 1612 817 1462 998 907 171 506 1264 817 878 1313 308 506 455 953 285 1005 1945 770 1215 212 1147 1436 1394 395 1346 42 2031 1937 2031 179 388 1657 742 302 1127 997 1617 1888 742 31 549 416 646 486 742 1957 1247 1154 1617 481 596 998 -1 -1 -1 -1
1660.0,1857 234 1927 722 591 1801 334 812 817 953 878 1608 998 1266 1711 506 481 136 42 328 1614 573 118 960 1264 817 368 1952 359 1205 1828 754 2052 1611 332 754 351 620 1200 1065 1310 421 378 770 2052 146 1617 328 351 836 1255 1255 1200 1836 227 212 1834 51 1368 186 1197 551 1689 1191 1653 186 723 0 -1 -1
1645.5,878 1346 42 1959 998 560 1857 1745 368 1502 118 240 1917 412 817 1053 1657 1952 639 1683 1927 722 359 1205 615 783 992 1443 1301 1745 2019 1608 35 1320 448 1184 1142 506 812 421 146 765 246 2049 1331 1794 1200 163 126 32 32 804 1416 1550 1983 1890 194 757 442 1867 1819 1832 628 0 -1 -1 -1 -1 -1 -1
1666.5,878 722 1857 1801 1917 234 1306 1230 368 880 1036 1856 787 1427 1427 927 927 801 817 1183 998 762 146 1183 1301 885 1230 1952 35 1801 481 381 390 186 481 1657 1036 328 884 777 518 629 938 696 1910 1801 861 1939 1621 801 1909 350 420 1440 1252 2064 1214 1976 178 158 894 1505 1917 11 1778 96 351 1123 375 0
2057.0,878 757 1857 234 368 787 801 506 998 1863 366 1801 35 848 1141 117 915 0 -1 -1 -1 -1 -1 -1 -1 -1 -1 -1 -1 -1 -1 -1 -1 -1 -1 -1 -1 -1 -1 -1 -1 -1 -1 -1 -1 -1 -1 -1 -1 -1 -1 -1 -1 -1 -1 -1 -1 -1 -1 -1 -1 -1 -1 -1 -1 -1 -1 -1 -1 -1
1701.0,878 722 1857 1801 1917 1265 1306 506 368 1856 787 889 998 817 817 1313 1313 1346 1411 473 1535 328 146 770 1619 755 900 117 1657 812 1619 836 1346 68 1726 1930 1834 1419 341 783 1747 1249 2067 8 894 571 252 448 1883 281 1848 1407 2004 2004 1077 860 1529 551 1927 783 1505 696 281 149 1449 1186 -1 -1 -1 -1
1682.0,878 757 1857 234 368 787 801 506 998 1863 1945 722 1169 1764 1909 922 591 1475 817 960 2014 1525 366 1723 1312 770 836 1997 1108 773 1850 1108 1834 1505 1880 1645 774 1587 1910 364 1006 923 879 1486 1205 359 350 1931 1027 1664 1474 1535 1375 478 1393 206 -1 -1 -1 -1 -1 -1 -1 -1 -1 -1 -1 -1 -1 -1
1719.0,878 722 1857 1801 1917 234 1306 2020 817 812 129 1930 368 1856 787 98 998 1053 1346 953 35 1022 1664 1502 1217 915 1764 1657 1320 914 1242 733 1770 1505 481 1888 1868 506 879 136 42 953 1448 236 704 509 1573 0 -1 -1 -1 -1 -1 -1 -1 -1 -1 -1 -1 -1 -1 -1 -1 -1 -1 -1 -1 -1 -1 -1
1722.0,878 234 368 506 998 551 1910 111 1857 757 1167 1176 1036 787 801 1801 1081 1863 817 817 332 1764 1725 1505 302 1657 146 770 246 246 802 802 481 111 1301 812 885 592 1306 995 288 953 1230 643 382 129 542 1138 18 444 1437 1930 313 1587 374 1969 1817 226 704 0 -1 -1 -1 -1 -1 -1 -1 -1 -1 -1
1719.5,878 757 1857 234 368 787 801 1801 1614 1863 998 506 1036 551 817 111 35 817 752 722 1183 812 528 412 1055 1355 1785 877 1112 1801 452 714 992 571 332 143 2061 1801 345 1275 83 328 35 846 465 510 1927 1560 528 1764 1551 1551 9 1346 42 136 2044 388 242 2044 -1 -1 -1 -1 -1 -1 -1 -1 -1 -1
1725.0,878 757 1857 234 368 787 801 506 998 1863 1945 722 1169 812 1909 560 591 1346 118 368 481 1045 1614 1265 817 817 2014 1472 366 1230 332 33 1798 0 -1 -1 -1 -1 -1 -1 -1 -1 -1 -1 -1 -1 -1 -1 -1 -1 -1 -1 -1 -1 -1 -1 -1 -1 -1 -1 -1 -1 -1 -1 -1 -1 -1 -1 -1 -1
1740.5,878 757 1857 995 368 787 801 1801 998 1462 1036 560 915 484 171 1941 118 1756 817 506 722 481 1848 817 366 412 388 42 862 1888 350 770 1834 234 1896 359 1239 1952 862 955 1747 812 1147 592 1533 1005 1394 609 609 421 908 908 2036 714 1536 860 1591 404 1536 860 1591 404 1536 860 -1 -1 -1 -1 -1 -1
1722.0,1857 506 1927 551 591 111 817 817 1614 234 368 1801 1346 1657 679 359 878 995 998 42 242 1320 146 922 528 755 879 1502 1055 1355 615 770 1217 1756 481 641 246 246 2021 388 42 2044 388 1959 2044 381 333 1001 856 960 609 0 -1 -1 -1 -1 -1 -1 -1 -1 -1 -1 -1 -1 -1 -1 -1 -1 -1 -1
1723.0,1857 506 1927 1346 591 757 817 1801 368 1745 1614 995 242 136 998 1154 171 787 787 960 862 817 1264 783 1685 1050 878 1230 1983 571 722 1612 455 927 1402 0 -1 -1 -1 -1 -1 -1 -1 -1 -1 -1 -1 -1 -1 -1 -1 -1 -1 -1 -1 -1 -1 -1 -1 -1 -1 -1 -1 -1 -1 -1 -1 -1 -1 -1
1705.5,878 757 1857 1801 368 787 801 117 1081 506 998 995 35 1045 1036 1462 752 484 171 817 817 560 1964 1964 722 481 118 1801 1614 1723 1910 1952 530 1900 302 722 1275 381 33 955 755 701 723 0 -1 -1 -1 -1 -1 -1 -1 -1 -1 -1 -1 -1 -1 -1 -1 -1 -1 -1 -1 -1 -1 -1 -1 -1 -1 -1
1624.0,878 722 1857 234 1917 812 129 1713 368 1856 801 722 1490 2020 1721 1645 1197 1178 615 1801 998 421 481 1946 709 885 528 506 1306 1801 734 246 246 2049 1053 103 752 350 1664 1216 1764 877 1614 701 1612 1723 1006 892 1618 509 322 1502 577 778 1447 1869 1872 1642 448 2047 1495 207 255 546 965 0 -1 -1 -1 -1
1655.0,878 1502 361 1346 368 473 280 506 615 1230 752 866 719 1745 146 995 2052 1462 1969 484 171 817 1053 1764 1375 1247 751 560 246 1900 392 804 366 350 1910 240 302 1588 661 978 1895 641 1062 802 347 955 1875 0 -1 -1 -1 -1 -1 -1 -1 -1 -1 -1 -1 -1 -1 -1 -1 -1 -1 -1 -1 -1 -1 -1
1662.0,878 722 1857 1801 1917 506 455 1346 42 877 1167 1176 1675 1794 817 1053 368 1959 1857 1856 1306 214 1959 2044 1154 381 146 960 1747 494 609 609 246 1900 481 2044 1301 1871 1945 201 337 603 1393 351 1031 499 1725 2004 885 1110 1420 1969 1478 1178 1420 486 486 986 96 452 752 1517 1031 1764 96 1664 635 1112 -1 -1
1673.5,878 551 368 111 998 757 35 787 952 952 927 506 722 1801 530 801 644 1928 1036 1483 748 762 1857 1183 481 755 1153 1959 374 1424 1707 234 2052 132 1116 308 -1 -1 -1 -1 -1 -1 -1 -1 -1 -1 -1 -1 -1 -1 -1 -1 -1 -1 -1 -1 -1 -1 -1 -1 -1 -1 -1 -1 -1 -1 -1 -1 -1 -1
1726.0,878 995 368 1346 2052 473 1313 506 734 322 1857 1801 1411 1176 1306 1053 817 722 146 755 2005 1075 359 679 679 1419 1264 880 83 1265 697 1242 719 350 992 509 1917 357 316 51 2026 1295 1230 1836 210 0 -1 -1 -1 -1 -1 -1 -1 -1 -1 -1 -1 -1 -1 -1 -1 -1 -1 -1 -1 -1 -1 -1 -1 -1
1718.0,878 722 1857 1801 1917 506 334 1265 1306 770 2061 1863 1361 1346 42 136 1945 817 817 1723 851 1745 1264 1392 369 878 473 137 337 1535 1535 1186 1183 1147 1375 1392 1664 783 553 648 -1 -1 -1 -1 -1 -1 -1 -1 -1 -1 -1 -1 -1 -1 -1 -1 -1 -1 -1 -1 -1 -1 -1 -1 -1 -1 -1 -1 -1 -1
1772.0,878 757 1857 234 368 787 801 1801 1614 551 35 111 998 506 1036 1176 817 1863 528 817 879 848 1195 1195 752 1176 1169 1505 1112 1657 2061 302 332 432 1945 1801 1275 163 1645 774 2019 1432 1432 1065 1751 421 1416 1065 1310 1657 481 567 1335 880 1924 186 936 0 -1 -1 -1 -1 -1 -1 -1 -1 -1 -1 -1 -1
1723.5,878 722 1857 1801 1917 506 455 1265 814 1587 851 421 817 770 1857 234 334 1230 998 885 35 914 719 33 1520 988 1617 432 361 1313 473 59 -1 -1 -1 -1 -1 -1 -1 -1 -1 -1 -1 -1 -1 -1 -1 -1 -1 -1 -1 -1 -1 -1 -1 -1 -1 -1 -1 -1 -1 -1 -1 -1 -1 -1 -1 -1 -1 -1
1694.0,878 1346 42 1959 998 1045 1857 506 368 1745 1657 995 1909 1247 366 770 1202 802 591 783 35 1801 528 1863 1053 953 1346 42 136 136 1959 1053 1707 262 697 1242 1427 103 646 1872 1684 862 970 846 1805 2022 -1 -1 -1 -1 -1 -1 -1 -1 -1 -1 -1 -1 -1 -1 -1 -1 -1 -1 -1 -1 -1 -1 -1 -1
1589.0,878 995 368 1346 2052 506 722 1472 1411 757 1306 117 361 787 787 960 1857 817 817 1801 288 551 1112 801 801 927 369 1419 1814 837 528 1107 1868 1265 1983 1723 1725 1176 1664 960 697 1300 1411 1572 1259 1969 35 1657 1775 1109 862 1801 99 865 35 368 118 1355 288 722 361 878 801 896 35 452 1927 0 -1 -1
1806.0,878 757 1857 234 368 787 801 1863 998 506 1945 551 1909 111 591 412 817 817 35 1475 1910 2047 302 1176 528 1005 332 1764 1725 2056 1081 995 818 988 992 1629 722 1419 1817 412 802 2015 2014 510 539 860 862 1769 1615 421 1101 0 -1 -1 -1 -1 -1 -1 -1 -1 -1 -1 -1 -1 -1 -1 -1 -1 -1 -1
1772.0,878 722 1857 506 679 234 1857 1313 368 1346 1411 1745 230 1692 1127 661 1657 2020 817 801 1264 1490 1614 740 1049 1764 697 885 476 1183 1379 1045 2062 283 1753 0 -1 -1 -1 -1 -1 -1 -1 -1 -1 -1 -1 -1 -1 -1 -1 -1 -1 -1 -1 -1 -1 -1 -1 -1 -1 -1 -1 -1 -1 -1 -1 -1 -1 -1
1729.5,878 757 1857 1801 368 787 801 506 998 551 915 1872 722 1525 1917 995 817 111 1910 328 332 817 1200 1873 1669 955 1909 49 177 314 1785 246 530 481 2014 1485 947 1292 544 1216 1846 1231 407 0 -1 -1 -1 -1 -1 -1 -1 -1 -1 -1 -1 -1 -1 -1 -1 -1 -1 -1 -1 -1 -1 -1 -1 -1 -1 -1
1715.5,878 1801 1857 302 722 234 368 359 359 1537 910 995 998 1176 146 579 1917 573 981 24 679 0 -1 -1 -1 -1 -1 -1 -1 -1 -1 -1 -1 -1 -1 -1 -1 -1 -1 -1 -1 -1 -1 -1 -1 -1 -1 -1 -1 -1 -1 -1 -1 -1 -1 -1 -1 -1 -1 -1 -1 -1 -1 -1 -1 -1 -1 -1 -1 -1
1853.5,878 995 368 1346 998 1462 722 757 1725 484 171 328 1834 817 366 560 118 625 1857 302 530 2049 350 722 1946 770 1896 836 1834 1375 151 1603 1805 878 556 356 1110 877 1036 1969 1230 1678 1318 1138 -1 -1 -1 -1 -1 -1 -1 -1 -1 -1 -1 -1 -1 -1 -1 -1 -1 -1 -1 -1 -1 -1 -1 -1 -1 -1
1732.5,878 757 1857 234 368 787 801 506 998 1863 1945 995 1909 960 591 722 1169 817 146 1801 246 246 817 812 1910 1992 1769 1505 732 388 136 741 499 1444 332 1764 1961 226 452 947 1295 885 1818 1045 896 952 927 1727 1375 1048 1393 880 322 1900 836 1392 72 705 1495 1512 836 696 1791 0 -1 -1 -1 -1 -1 -1
1733.0,878 1346 42 1959 998 2016 1036 1230 368 17 278 1946 709 0 -1 -1 -1 -1 -1 -1 -1 -1 -1 -1 -1 -1 -1 -1 -1 -1 -1 -1 -1 -1 -1 -1 -1 -1 -1 -1 -1 -1 -1 -1 -1 -1 -1 -1 -1 -1 -1 -1 -1 -1 -1 -1 -1 -1 -1 -1 -1 -1 -1 -1 -1 -1 -1 -1 -1 -1
1740.0,878 722 1857 1801 1917 1265 1306 506 368 1856 787 889 998 1313 817 1154 171 907 249 1415 814 1191 146 801 1796 1145 2005 859 5 602 549 1392 1264 288 1990 1939 1937 1115 1424 1939 1534 1490 1456 186 1603 1603 139 1320 4 1587 1910 770 1792 1225 2016 1867 302 2047 774 350 1952 1490 1896 765 1293 509 702 875 364 0
2099.5,878 757 1857 1863 1614 1801 368 787 801 551 998 111 35 234 1036 506 817 817 752 1176 528 1505 879 1392 1183 560 1725 1657 1664 412 757 988 1520 812 1249 1472 938 1969 1645 2067 -1 -1 -1 -1 -1 -1 -1 -1 -1 -1 -1 -1 -1 -1 -1 -1 -1 -1 -1 -1 -1 -1 -1 -1 -1 -1 -1 -1 -1 -1
1734.5,1201 551 368 111 1857 234 1306 722 1411 1230 230 240 1945 1427 1870 1549 878 817 817 1856 787 1392 1264 757 722 359 359 679 679 481 1857 1 1754 1646 547 953 1725 1801 528 412 1110 381 1785 755 1112 1612 448 885 801 787 1664 249 1576 1275 1147 334 1572 1259 1077 1937 934 1997 1068 984 1393 783 -1 -1 -1 -1
1704.5,878 757 1857 1801 368 787 801 722 1420 234 1748 1863 1361 1764 481 506 146 960 246 246 1614 817 1893 1551 9 182 583 885 1036 146 817 49 177 975 2061 302 2063 770 366 1922 1588 1255 1834 436 1420 997 719 600 212 2032 1282 212 -1 -1 -1 -1 -1 -1 -1 -1 -1 -1 -1 -1 -1 -1 -1 -1 -1 -1
1685.5,878 722 1857 506 1917 1801 368 801 801 1856 146 757 817 960 1306 1346 42 136 777 884 1264 817 787 787 1361 1863 1183 1764 851 1801 2063 551 697 922 894 117 646 646 880 978 927 1 1503 412 1560 14 1646 1266 1904 34 288 1848 1946 1952 -1 -1 -1 -1 -1 -1 -1 -1 -1 -1 -1 -1 -1 -1 -1 -1
1653.0,878 722 1857 1801 1917 506 455 1346 42 877 1167 1502 1217 915 817 770 1857 1230 1264 783 368 878 1945 33 1909 1436 1215 1195 966 1178 1942 1392 1915 1239 962 778 738 973 998 201 1878 1010 35 328 998 836 374 1863 442 0 -1 -1 -1 -1 -1 -1 -1 -1 -1 -1 -1 -1 -1 -1 -1 -1 -1 -1 -1 -1
1653.0,878 757 1857 1801 368 995 1346 42 42 98 1614 234 998 1863 1411 1764 1893 1551 1519 1176 1675 1794 817 506 862 551 1264 111 615 817 1349 1349 609 1005 1394 0 -1 -1 -1 -1 -1 -1 -1 -1 -1 -1 -1 -1 -1 -1 -1 -1 -1 -1 -1 -1 -1 -1 -1 -1 -1 -1 -1 -1 -1 -1 -1 -1 -1 -1
1652.5,878 722 2063 1801 1917 395 368 551 697 1346 388 812 129 1713 998 801 1983 1462 361 1946 709 186 1850 243 -1 -1 -1 -1 -1 -1 -1 -1 -1 -1 -1 -1 -1 -1 -1 -1 -1 -1 -1 -1 -1 -1 -1 -1 -1 -1 -1 -1 -1 -1 -1 -1 -1 -1 -1 -1 -1 -1 -1 -1 -1 -1 -1 -1 -1 -1
1667.0,878 722 2063 1801 1917 551 697 506 361 234 334 111 583 817 146 812 817 885 801 1856 481 388 388 1502 851 1346 42 242 246 246 1959 1959 388 111 252 2056 894 2004 851 1873 2061 1392 1747 1 1503 1911 1077 1001 629 1352 -1 -1 -1 -1 -1 -1 -1 -1 -1 -1 -1 -1 -1 -1 -1 -1 -1 -1 -1 -1
1648.5,878 995 368 1346 2052 473 1313 1801 1927 506 1608 1313 -1 -1 -1 -1 -1 -1 -1 -1 -1 -1 -1 -1 -1 -1 -1 -1 -1 -1 -1 -1 -1 -1 -1 -1 -1 -1 -1 -1 -1 -1 -1 -1 -1 -1 -1 -1 -1 -1 -1 -1 -1 -1 -1 -1 -1 -1 -1 -1 -1 -1 -1 -1 -1 -1 -1 -1 -1 -1
1659.0,878 757 1857 551 368 787 801 111 35 1863 1614 995 998 328 1036 817 817 412 1301 625 915 915 528 1657 1112 381 1055 560 1910 1801 1725 1815 308 289 118 411 332 885 1983 1543 1268 1513 499 1448 471 1560 35 412 938 1346 242 42 136 755 1645 865 722 641 506 603 337 1764 381 922 -1 -1 -1 -1 -1 -1
1735.5,878 722 1857 1801 1917 1265 1306 506 368 1856 787 889 998 234 817 907 171 817 146 770 1619 2014 227 212 709 1001 697 1392 1747 2020 722 1939 246 679 1243 358 962 359 81 1939 488 1001 1689 634 1633 1808 221 1225 374 1127 172 1867 -1 -1 -1 -1 -1 -1 -1 -1 -1 -1 -1 -1 -1 -1 -1 -1 -1 -1
1694.0,878 757 1857 1801 368 787 801 551 1614 111 35 234 998 506 1036 817 817 1657 1910 989 528 1392 302 1320 802 2015 1275 495 1846 922 1280 1535 1313 1313 1983 1406 146 1657 1792 914 1242 1505 620 1200 947 0 -1 -1 -1 -1 -1 -1 -1 -1 -1 -1 -1 -1 -1 -1 -1 -1 -1 -1 -1 -1 -1 -1 -1 -1
1749.0,878 722 1857 1801 1917 506 334 1265 1306 848 817 234 1945 350 230 302 1081 1910 818 988 1664 343 343 885 801 1856 1764 880 285 1657 851 752 1927 75 1301 1053 308 714 1560 1320 308 1184 1142 366 894 1648 597 178 1252 304 -1 -1 -1 -1 -1 -1 -1 -1 -1 -1 -1 -1 -1 -1 -1 -1 -1 -1 -1 -1
1740.0,878 757 1857 1801 368 787 801 722 1420 234 1748 1863 126 1685 1050 1050 -1 -1 -1 -1 -1 -1 -1 -1 -1 -1 -1 -1 -1 -1 -1 -1 -1 -1 -1 -1 -1 -1 -1 -1 -1 -1 -1 -1 -1 -1 -1 -1 -1 -1 -1 -1 -1 -1 -1 -1 -1 -1 -1 -1 -1 -1 -1 -1 -1 -1 -1 -1 -1 -1
1822.5,878 757 1857 234 368 787 801 506 998 1863 1945 1764 1909 1664 481 1313 591 2047 884 1928 361 1336 862 551 1775 1216 1053 922 252 1104 2059 1178 1312 509 609 777 1685 1801 841 1685 1281 1413 1200 1022 2047 1485 1024 1270 760 1770 442 0 -1 -1 -1 -1 -1 -1 -1 -1 -1 -1 -1 -1 -1 -1 -1 -1 -1 -1
1717.5,878 995 368 1346 2052 473 1313 506 734 322 1857 783 1411 1176 146 0 -1 -1 -1 -1 -1 -1 -1 -1 -1 -1 -1 -1 -1 -1 -1 -1 -1 -1 -1 -1 -1 -1 -1 -1 -1 -1 -1 -1 -1 -1 -1 -1 -1 -1 -1 -1 -1 -1 -1 -1 -1 -1 -1 -1 -1 -1 -1 -1 -1 -1 -1 -1 -1 -1
1645.0,878 722 1857 1801 1300 234 368 1856 801 1176 915 1872 1036 506 998 960 817 817 1910 1392 722 359 1205 1092 332 1010 862 1392 1411 281 146 960 246 246 2063 551 697 705 1200 741 539 955 1394 1533 961 246 936 0 -1 -1 -1 -1 -1 -1 -1 -1 -1 -1 -1 -1 -1 -1 -1 -1 -1 -1 -1 -1 -1 -1
1645.0,878 757 1857 1801 368 787 801 551 1614 111 998 0 -1 -1 -1 -1 -1 -1 -1 -1 -1 -1 -1 -1 -1 -1 -1 -1 -1 -1 -1 -1 -1 -1 -1 -1 -1 -1 -1 -1 -1 -1 -1 -1 -1 -1 -1 -1 -1 -1 -1 -1 -1 -1 -1 -1 -1 -1 -1 -1 -1 -1 -1 -1 -1 -1 -1 -1 -1 -1
1755.0,878 757 1857 1801 368 787 801 722 1420 506 1748 1863 599 1685 1050 560 118 289 1746 1199 1053 1346 136 1738 42 136 1917 812 2059 1952 388 388 1462 1053 624 714 1633 567 1683 50 405 1808 1927 878 1633 302 752 634 1432 1535 1413 1505 -1 -1 -1 -1 -1 -1 -1 -1 -1 -1 -1 -1 -1 -1 -1 -1 -1 -1
1726.0,878 722 1857 234 368 1230 359 1427 1242 359 1917 506 249 436 814 1587 146 1801 998 885 4 1863 2029 1145 734 1939 366 1900 1989 1115 578 1735 1909 262 -1 -1 -1 -1 -1 -1 -1 -1 -1 -1 -1 -1 -1 -1 -1 -1 -1 -1 -1 -1 -1 -1 -1 -1 -1 -1 -1 -1 -1 -1 -1 -1 -1 -1 -1 -1
1764.0,878 1502 368 1346 42 242 1411 506 862 1230 752 33 1814 995 1306 117 249 1513 1363 1801 2052 960 1252 1863 1664 1764 1110 817 1855 647 343 1199 580 789 284 1247 177 1512 922 23 23 770 1961 1631 635 1999 1252 1969 49 1558 1471 1547 1031 896 435 860 288 1267 158 1439 2018 132 1909 1898 882 191 1687 431 -1 -1
1753.5,878 757 1857 234 368 787 801 506 998 1863 1945 995 1909 770 591 2014 35 1475 528 1657 1112 1764 1910 349 8 1472 1053 922 1857 412 679 359 1609 1794 1683 50 1239 2058 1707 2033 201 1906 1911 960 777 113 361 381 859 859 410 302 1312 1282 1215 1216 1608 421 -1 -1 -1 -1 -1 -1 -1 -1 -1 -1 -1 -1
1704.5,878 722 1857 1265 1917 880 817 328 998 817 481 625 734 1900 368 234 1275 1392 556 1856 697 1657 322 836 1588 997 719 812 1875 0 -1 -1 -1 -1 -1 -1 -1 -1 -1 -1 -1 -1 -1 -1 -1 -1 -1 -1 -1 -1 -1 -1 -1 -1 -1 -1 -1 -1 -1 -1 -1 -1 -1 -1 -1 -1 -1 -1 -1 -1
1717.0,878 722 1857 1801 1917 770 368 783 1346 76 998 1863 2061 328 817 2014 361 573 1312 1265 234 1685 1612 880 836 288 8 349 992 1801 126 1366 1050 1050 32 1587 1055 1952 556 885 1495 1191 1306 1490 1517 186 836 350 1664 366 1945 1818 1764 1551 284 2047 752 1255 1588 340 1331 1154 562 1603 442 404 1791 859 333 0
1726.0,878 722 1857 1346 679 783 368 473 1969 506 752 866 1242 817 72 1050 1036 1230 1249 17 1050 1366 595 1077 596 1801 1306 1764 862 1346 1361 1664 1183 171 171 1200 1646 1154 915 1420 1394 1454 2061 998 1235 1505 210 0 -1 -1 -1 -1 -1 -1 -1 -1 -1 -1 -1 -1 -1 -1 -1 -1 -1 -1 -1 -1 -1 -1
1494.0,878 1320 368 922 1306 551 1411 111 1857 1801 35 76 528 1845 817 76 1275 1845 1645 76 1657 1535 887 1952 1535 1205 1239 1502 1946 995 783 1368 1910 1045 2052 506 1848 186 1200 1313 1535 1001 1846 404 1034 1001 351 404 1038 1001 1926 404 1002 1001 1480 955 1403 880 1744 0 -1 -1 -1 -1 -1 -1 -1 -1 -1 -1
1965.0,878 995 368 1346 2052 506 722 1472 361 960 1910 817 1857 757 1306 1801 1312 117 35 1080 499 1941 118 1448 1961 804 1411 801 801 787 2063 551 544 1513 981 2047 1002 802 302 525 1252 1297 2038 162 -1 -1 -1 -1 -1 -1 -1 -1 -1 -1 -1 -1 -1 -1 -1 -1 -1 -1 -1 -1 -1 -1 -1 -1 -1 -1
1790.5,878 1346 42 1959 998 1045 1857 506 368 551 146 111 528 817 1053 757 988 162 800 1801 1300 812 1707 1863 646 1872 663 2056 1112 1873 892 481 1614 506 1723 2061 1356 1363 1363 1449 1110 1861 1234 350 1021 1297 1707 818 777 1948 629 1334 380 409 580 1272 1958 1870 719 208 1961 566 575 812 1462 1254 624 1760 1659 1121
1862.5,878 757 1857 995 368 787 801 1863 1614 350 998 412 35 1801 1036 506 817 848 1195 1215 1927 551 862 722 915 1992 885 752 481 1068 528 2063 1669 1953 1484 223 1249 234 725 960 909 600 797 129 1930 1505 992 1190 757 626 1419 778 1928 1022 66 32 1366 509 722 1953 995 1906 453 1178 1747 1320 925 0 -1 -1
1780.0,878 722 2063 1801 1917 551 697 506 361 111 334 817 1306 234 817 1745 1588 2020 802 2015 146 571 2052 877 1200 701 740 0 -1 -1 -1 -1 -1 -1 -1 -1 -1 -1 -1 -1 -1 -1 -1 -1 -1 -1 -1 -1 -1 -1 -1 -1 -1 -1 -1 -1 -1 -1 -1 -1 -1 -1 -1 -1 -1 -1 -1 -1 -1 -1
1654.5,878 757 1857 995 368 1346 42 42 1167 1176 1675 1794 817 1801 598 960 998 506 146 817 988 1005 246 246 1959 1834 1945 1249 956 1186 1313 1646 734 322 965 1392 1746 2036 1657 754 1904 770 1249 2036 755 705 1732 860 1264 1570 1657 754 1502 696 1159 0 -1 -1 -1 -1 -1 -1 -1 -1 -1 -1 -1 -1 -1 -1
1738.5,878 722 1857 1801 1300 302 998 1265 817 506 -1 -1 -1 -1 -1 -1 -1 -1 -1 -1 -1 -1 -1 -1 -1 -1 -1 -1 -1 -1 -1 -1 -1 -1 -1 -1 -1 -1 -1 -1 -1 -1 -1 -1 -1 -1 -1 -1 -1 -1 -1 -1 -1 -1 -1 -1 -1 -1 -1 -1 -1 -1 -1 -1 -1 -1 -1 -1 -1 -1
1625.5,878 722 1857 1801 1917 960 1306 506 334 817 817 877 679 234 1664 701 701 1764 1375 757 2052 1873 1725 527 343 343 1576 1891 23 922 1857 1346 722 155 155 23 530 322 848 1192 455 368 220 1888 752 611 1785 1392 947 770 1200 194 1262 955 773 322 -1 -1 -1 -1 -1 -1 -1 -1 -1 -1 -1 -1 -1 -1
1574.0,878 1346 42 1959 998 755 1857 1801 368 1230 1036 1427 1427 1053 1420 568 35 506 646 1872 1478 765 817 481 1264 755 1614 464 206 785 1012 765 450 509 374 722 757 841 1003 1178 183 1808 759 1520 1534 629 1281 112 841 696 323 1808 1207 1587 37 1808 1975 0 -1 -1 -1 -1 -1 -1 -1 -1 -1 -1 -1 -1
1609.0,878 234 368 506 998 1475 1910 722 1205 359 359 679 738 1075 862 783 1053 1587 1917 381 1239 1239 2029 136 388 1502 851 1230 1857 1911 1945 33 1927 1247 722 1764 1102 1900 1567 1191 556 603 337 742 1725 302 351 1873 661 1127 1255 2061 1542 1906 618 381 628 1517 2024 1178 1589 509 1909 51 1836 357 2014 1071 1318 0
1671.5,878 757 1857 1801 368 787 801 801 927 506 1917 234 146 722 528 960 246 246 998 817 1053 1176 1050 960 1794 1911 759 973 481 480 1707 1863 752 1764 851 302 1588 955 366 1275 1909 551 2014 111 1952 2044 -1 -1 -1 -1 -1 -1 -1 -1 -1 -1 -1 -1 -1 -1 -1 -1 -1 -1 -1 -1 -1 -1 -1 -1
1589.5,878 995 368 1320 1306 922 1411 947 1857 1834 615 659 751 620 862 1801 264 506 900 848 230 1053 1053 1072 679 679 1239 1952 900 567 1908 922 898 608 344 1863 249 302 1969 926 1707 722 359 1764 599 1869 1612 1685 66 1050 780 778 1588 551 802 2015 854 767 995 1726 333 1867 1488 1131 104 2021 1246 0 -1 -1
1628.0,878 722 1857 1801 1917 506 455 1346 42 877 1167 1502 1217 1872 697 922 698 960 817 817 1200 1313 28 757 1419 783 1192 1946 620 1969 334 1612 998 1641 659 1266 1711 1657 862 1952 1066 955 1200 960 1239 1205 1394 1109 1917 1619 1312 1005 1112 1873 2061 1533 956 643 1813 878 1186 1186 473 1186 1313 2014 374 0 -1 -1
1686.5,878 722 1857 1801 1917 960 368 1856 1306 234 787 506 998 817 817 1230 35 770 1945 33 1909 1247 722 359 359 1200 1313 1535 553 679 851 783 752 567 1775 947 1617 573 879 1243 -1 -1 -1 -1 -1 -1 -1 -1 -1 -1 -1 -1 -1 -1 -1 -1 -1 -1 -1 -1 -1 -1 -1 -1 -1 -1 -1 -1 -1 -1
1665.0,878 757 1857 234 368 787 801 506 998 1863 1945 722 1169 1801 1909 960 2014 240 366 2047 591 1230 817 885 752 1291 1268 812 35 412 992 1505 1910 817 302 1176 481 1045 1952 1900 1900 246 734 0 -1 -1 -1 -1 -1 -1 -1 -1 -1 -1 -1 -1 -1 -1 -1 -1 -1 -1 -1 -1 -1 -1 -1 -1 -1 -1
1633.0,878 722 1857 1265 1917 1801 1306 506 368 1856 787 889 998 817 722 1346 1219 1050 817 1392 1725 624 1346 328 1264 1230 146 770 246 322 1200 1080 499 1815 471 289 1983 1427 719 1320 707 0 -1 -1 -1 -1 -1 -1 -1 -1 -1 -1 -1 -1 -1 -1 -1 -1 -1 -1 -1 -1 -1 -1 -1 -1 -1 -1 -1 -1
1667.0,878 757 1857 1801 368 787 801 506 998 722 868 960 481 817 1323 281 1411 1863 817 783 734 322 481 1045 1306 328 1375 1265 2061 1346 136 136 42 955 1614 880 35 846 1805 117 2063 1636 332 1259 1419 1176 2020 1434 908 908 725 851 351 770 757 388 -1 -1 -1 -1 -1 -1 -1 -1 -1 -1 -1 -1 -1 -1
1652.5,878 995 368 757 1346 42 42 234 1167 1176 1675 639 1857 1549 817 1723 598 960 1614 817 1112 1873 1576 2061 230 1363 1363 5 837 953 1200 1313 1186 629 1785 1392 1945 770 556 1087 2031 860 1099 302 1785 163 705 240 32 506 641 0 -1 -1 -1 -1 -1 -1 -1 -1 -1 -1 -1 -1 -1 -1 -1 -1 -1 -1
1670.5,878 722 1857 1801 1917 1265 1306 506 368 1856 787 889 998 1313 817 907 171 817 1346 328 1411 1154 308 167 423 955 1576 234 1747 302 455 506 1192 1801 1910 953 620 1392 1033 404 246 1 1503 1900 1077 179 1132 399 2063 328 269 1191 894 136 1368 328 926 1906 1653 1178 2063 1320 1909 0 -1 -1 -1 -1 -1 -1
1658.0,878 757 1857 1801 368 551 1346 111 1217 1872 998 1346 42 242 1167 1176 1675 1794 817 506 146 817 246 530 1959 412 1420 117 1614 571 1792 1863 998 1080 481 302 220 1448 1264 1415 837 1983 498 0 -1 -1 -1 -1 -1 -1 -1 -1 -1 -1 -1 -1 -1 -1 -1 -1 -1 -1 -1 -1 -1 -1 -1 -1 -1 -1
1673.0,878 995 368 1346 2052 757 42 1959 999 1801 1917 1045 817 801 801 927 1167 1176 1675 1794 1081 137 337 1320 2061 1873 146 960 862 506 1413 1922 226 817 2052 481 1969 281 414 0 -1 -1 -1 -1 -1 -1 -1 -1 -1 -1 -1 -1 -1 -1 -1 -1 -1 -1 -1 -1 -1 -1 -1 -1 -1 -1 -1 -1 -1 -1
1690.5,878 995 368 1346 2052 757 42 42 999 787 1167 1176 1675 1794 817 1801 598 960 1081 506 146 817 561 1005 246 246 1306 1 1754 1392 528 1657 679 1010 374 2020 549 146 1910 880 1857 8 1775 519 1614 35 1419 2017 2038 712 1192 1560 841 1520 2044 1320 1791 1997 1657 551 240 1001 13 302 629 1873 760 0 -1 -1
1658.0,878 722 1857 1801 1917 1265 1664 1199 1306 1801 368 1856 787 889 118 2020 817 506 647 1746 230 817 499 2020 722 848 1945 395 1200 234 1264 359 679 679 359 1419 697 754 249 812 129 1713 1312 1611 332 978 1138 955 351 1560 1937 1937 965 755 249 117 1192 757 510 412 697 1068 1448 0 -1 -1 -1 -1 -1 -1
1785.0,878 995 368 1346 2052 506 722 1472 1411 757 1306 1801 361 787 787 117 1857 889 118 190 193 817 423 726 1990 404 308 801 292 0 -1 -1 -1 -1 -1 -1 -1 -1 -1 -1 -1 -1 -1 -1 -1 -1 -1 -1 -1 -1 -1 -1 -1 -1 -1 -1 -1 -1 -1 -1 -1 -1 -1 -1 -1 -1 -1 -1 -1 -1
1836.0,878 722 1857 1801 1917 506 334 1346 42 136 817 812 1264 783 1361 817 1420 1863 72 1366 1306 1764 851 877 369 1664 1614 1887 35 302 146 953 368 770 1346 592 35 1910 1733 1311 1983 551 556 1001 1927 2047 1520 988 1112 597 974 2014 1010 978 552 955 44 1002 970 163 1734 869 1084 0 -1 -1 -1 -1 -1 -1
1641.5,878 722 1857 1801 1917 506 455 1346 42 877 1167 1502 1217 915 817 1265 998 848 1857 817 1945 1863 646 1872 1215 1195 368 783 359 1239 759 895 679 1952 1436 614 1375 2023 1112 421 285 1836 836 1818 1747 551 1077 421 138 0 -1 -1 -1 -1 -1 -1 -1 -1 -1 -1 -1 -1 -1 -1 -1 -1 -1 -1 -1 -1
1369.5,878 722 1857 1801 1917 506 334 1265 1306 234 2061 1873 817 817 1945 1392 146 770 1619 2014 227 212 709 1191 697 1001 1361 728 1183 75 1967 953 723 404 1275 767 1591 955 961 404 1393 827 1807 254 1778 681 692 1834 1086 0 -1 -1 -1 -1 -1 -1 -1 -1 -1 -1 -1 -1 -1 -1 -1 -1 -1 -1 -1 -1
1605.0,878 757 1857 1801 368 787 801 722 1420 506 1748 234 146 960 481 1863 1516 0 -1 -1 -1 -1 -1 -1 -1 -1 -1 -1 -1 -1 -1 -1 -1 -1 -1 -1 -1 -1 -1 -1 -1 -1 -1 -1 -1 -1 -1 -1 -1 -1 -1 -1 -1 -1 -1 -1 -1 -1 -1 -1 -1 -1 -1 -1 -1 -1 -1 -1 -1 -1
1679.0,878 722 1857 1801 1917 1265 1306 506 334 1346 42 136 249 877 1277 1502 841 701 740 328 817 817 -1 -1 -1 -1 -1 -1 -1 -1 -1 -1 -1 -1 -1 -1 -1 -1 -1 -1 -1 -1 -1 -1 -1 -1 -1 -1 -1 -1 -1 -1 -1 -1 -1 -1 -1 -1 -1 -1 -1 -1 -1 -1 -1 -1 -1 -1 -1 -1
1572.5,878 1346 42 506 998 136 368 1154 171 995 1857 757 1411 1801 817 960 285 1320 499 922 1264 817 1657 679 359 1612 2063 1233 -1 -1 -1 -1 -1 -1 -1 -1 -1 -1 -1 -1 -1 -1 -1 -1 -1 -1 -1 -1 -1 -1 -1 -1 -1 -1 -1 -1 -1 -1 -1 -1 -1 -1 -1 -1 -1 -1 -1 -1 -1 -1
1571.0,878 1346 42 1959 998 1045 1857 995 368 506 146 960 1917 1176 817 567 1264 1863 1346 770 1217 212 1553 1475 1089 476 528 1909 885 722 836 551 884 113 992 1927 597 364 2029 136 388 869 1945 506 1848 878 1535 1313 966 634 1455 1001 699 1191 1835 1001 961 404 156 0 -1 -1 -1 -1 -1 -1 -1 -1 -1 -1
1594.0,878 757 1857 995 368 787 801 1863 1411 1801 915 1872 862 328 817 573 900 960 1614 817 998 922 722 1505 757 1520 1200 960 1692 1685 1219 880 308 667 1394 757 1112 1946 1910 544 302 1588 1127 567 742 1535 28 643 1983 1503 1503 1946 1533 350 1264 366 345 288 1868 1233 -1 -1 -1 -1 -1 -1 -1 -1 -1 -1
1581.0,878 722 1857 1801 1917 506 1306 1313 817 1692 851 960 368 1856 787 817 1346 877 369 1320 118 1973 998 757 1217 1217 862 757 1983 412 1402 0 -1 -1 -1 -1 -1 -1 -1 -1 -1 -1 -1 -1 -1 -1 -1 -1 -1 -1 -1 -1 -1 -1 -1 -1 -1 -1 -1 -1 -1 -1 -1 -1 -1 -1 -1 -1 -1 -1
1554.0,878 1320 368 49 177 1623 1306 995 697 880 722 1242 1870 328 817 836 1361 155 1891 817 146 1005 2061 328 1873 481 733 733 1614 991 1725 1904 1055 1164 448 701 1512 877 118 1801 2061 328 1945 481 1873 1119 733 1334 1644 551 1927 0 -1 -1 -1 -1 -1 -1 -1 -1 -1 -1 -1 -1 -1 -1 -1 -1 -1 -1
1507.5,878 1346 42 1959 998 1045 1857 1745 368 995 862 1801 1036 1462 817 907 171 506 499 1200 1104 1154 1785 877 1292 1801 1998 1199 1746 1443 1167 953 1675 50 4 742 1561 1906 1657 1247 1141 381 285 1952 775 0 -1 -1 -1 -1 -1 -1 -1 -1 -1 -1 -1 -1 -1 -1 -1 -1 -1 -1 -1 -1 -1 -1 -1 -1
1683.0,878 722 1857 1801 1917 234 368 1856 801 506 817 960 915 1872 998 817 35 1873 1910 240 697 922 992 432 1896 1911 332 551 302 111 802 2015 620 1657 1036 49 177 314 1275 436 947 1850 1807 848 947 1375 1846 1878 1034 1001 722 1154 292 0 -1 -1 -1 -1 -1 -1 -1 -1 -1 -1 -1 -1 -1 -1 -1 -1
1605.0,878 722 1857 1801 1917 960 368 1856 1306 506 817 1313 1264 1346 1300 214 1154 812 1313 473 1657 894 356 817 915 1872 646 646 1756 783 1186 880 308 1005 2031 1937 35 281 518 2004 1792 1611 254 0 -1 -1 -1 -1 -1 -1 -1 -1 -1 -1 -1 -1 -1 -1 -1 -1 -1 -1 -1 -1 -1 -1 -1 -1 -1 -1
1671.5,878 722 1857 1801 1917 506 455 1346 42 885 234 1050 814 1953 334 1888 998 1462 817 770 1857 1230 679 1647 881 1872 337 907 171 602 549 1154 1264 732 1614 998 1576 892 938 757 1481 1900 1883 1178 1449 998 1318 1225 2061 340 894 1502 1662 242 -1 -1 -1 -1 -1 -1 -1 -1 -1 -1 -1 -1 -1 -1 -1 -1
1658.5,878 234 368 551 998 111 35 506 528 848 146 1952 1619 817 752 395 1053 1175 1909 722 1479 1275 2014 399 345 1909 35 111 1282 1195 751 33 1608 1856 952 1657 1318 955 912 625 35 1857 1665 1427 1275 1850 1807 880 894 33 1312 1370 2067 1615 1484 1414 646 1872 -1 -1 -1 -1 -1 -1 -1 -1 -1 -1 -1 -1
1403.0,878 0 -1 -1 -1 -1 -1 -1 -1 -1 -1 -1 -1 -1 -1 -1 -1 -1 -1 -1 -1 -1 -1 -1 -1 -1 -1 -1 -1 -1 -1 -1 -1 -1 -1 -1 -1 -1 -1 -1 -1 -1 -1 -1 -1 -1 -1 -1 -1 -1 -1 -1 -1 -1 -1 -1 -1 -1 -1 -1 -1 -1 -1 -1 -1 -1 -1 -1 -1 -1
1465.5,878 995 368 757 1346 234 1614 506 998 42 242 1475 1411 1657 1910 1614 1205 359 1256 1230 1167 1176 1675 639 1857 1462 817 1505 118 817 332 506 1264 676 679 0 -1 -1 -1 -1 -1 -1 -1 -1 -1 -1 -1 -1 -1 -1 -1 -1 -1 -1 -1 -1 -1 -1 -1 -1 -1 -1 -1 -1 -1 -1 -1 -1 -1 -1
1592.5,1664 722 1576 1801 1764 885 1201 836 1239 234 1576 506 1857 551 368 111 1411 817 1614 1502 1872 1872 817 412 998 848 1264 1346 1945 265 757 1312 597 974 361 412 1141 1745 1127 661 118 1312 271 974 499 302 615 978 1817 412 947 1911 1249 956 1534 0 -1 -1 -1 -1 -1 -1 -1 -1 -1 -1 -1 -1 -1 -1
1475.0,878 1346 42 1959 998 560 368 1502 1857 506 118 412 1917 1230 1945 33 1909 1247 1657 995 366 770 1202 802 129 783 615 960 1053 1475 2014 212 212 710 710 1053 1900 246 1834 2014 1675 1683 2024 1045 333 1075 709 0 -1 -1 -1 -1 -1 -1 -1 -1 -1 -1 -1 -1 -1 -1 -1 -1 -1 -1 -1 -1 -1 -1
1523.5,878 722 1857 234 368 1856 801 506 998 960 862 817 528 1320 1053 922 752 1475 1036 1863 1909 1764 366 2047 350 1664 1957 1873 2014 1472 551 1952 1786 726 1232 1657 836 1836 770 551 556 2014 1239 359 836 162 141 1791 410 1269 884 609 1306 1490 343 527 1917 885 374 757 851 1871 1034 922 812 1517 132 661 32 72
1420.5,878 722 1857 1801 1917 506 455 1346 42 136 516 953 1090 1265 697 1359 1959 1502 319 1997 998 350 573 1764 1442 0 -1 -1 -1 -1 -1 -1 -1 -1 -1 -1 -1 -1 -1 -1 -1 -1 -1 -1 -1 -1 -1 -1 -1 -1 -1 -1 -1 -1 -1 -1 -1 -1 -1 -1 -1 -1 -1 -1 -1 -1 -1 -1 -1 -1
1660.5,878 1346 42 1959 998 1045 368 1745 1857 995 1657 506 1909 1247 366 770 1202 802 591 1462 252 484 171 1475 1597 476 751 817 118 722 359 679 478 514 981 1537 337 1901 752 506 1232 860 35 1863 1910 1969 970 1836 938 140 1252 1297 549 830 1252 1297 -1 -1 -1 -1 -1 -1 -1 -1 -1 -1 -1 -1 -1 -1
1645.5,878 757 1857 234 368 787 801 506 998 1863 1945 1801 1909 801 927 995 591 960 2014 722 1416 240 481 709 709 1368 817 506 16 1953 66 1176 1739 1313 1983 2047 1896 974 597 302 992 1587 1723 1300 1614 567 646 1872 1664 1490 757 1910 349 1769 1615 1992 442 634 1252 1392 310 1440 769 882 2021 2014 1084 0 -1 -1
1639.0,878 722 1857 1801 1917 506 334 1265 1306 817 2061 1863 817 234 1664 268 1361 1230 1945 33 1927 328 1909 1247 1183 350 2014 240 35 846 464 860 332 302 556 1910 1202 1202 836 1368 751 947 68 68 948 0 -1 -1 -1 -1 -1 -1 -1 -1 -1 -1 -1 -1 -1 -1 -1 -1 -1 -1 -1 -1 -1 -1 -1 -1
1699.5,878 757 1857 234 368 787 801 506 998 551 35 111 528 1863 752 1764 1909 1472 1275 817 1645 865 366 770 350 2014 1803 860 1910 1952 481 1801 399 399 1192 1691 1312 1664 1199 1199 1746 1195 836 0 -1 -1 -1 -1 -1 -1 -1 -1 -1 -1 -1 -1 -1 -1 -1 -1 -1 -1 -1 -1 -1 -1 -1 -1 -1 -1
1656.5,878 757 1857 1801 368 787 801 995 998 1265 1081 1733 1411 506 615 1346 722 240 1910 817 35 368 2063 551 544 0 -1 -1 -1 -1 -1 -1 -1 -1 -1 -1 -1 -1 -1 -1 -1 -1 -1 -1 -1 -1 -1 -1 -1 -1 -1 -1 -1 -1 -1 -1 -1 -1 -1 -1 -1 -1 -1 -1 -1 -1 -1 -1 -1 -1
1648.5,878 1320 368 995 1306 922 1411 506 615 1346 722 1472 752 757 1910 1614 369 1764 1725 1801 1857 1873 -1 -1 -1 -1 -1 -1 -1 -1 -1 -1 -1 -1 -1 -1 -1 -1 -1 -1 -1 -1 -1 -1 -1 -1 -1 -1 -1 -1 -1 -1 -1 -1 -1 -1 -1 -1 -1 -1 -1 -1 -1 -1 -1 -1 -1 -1 -1 -1
1673.0,878 1502 1857 1346 998 1230 1945 473 1215 866 1242 995 1917 960 334 240 817 1873 1264 1764 129 1713 1756 1664 1420 1505 599 1685 1050 722 862 1549 1239 186 246 936 568 1191 2014 481 626 288 397 0 -1 -1 -1 -1 -1 -1 -1 -1 -1 -1 -1 -1 -1 -1 -1 -1 -1 -1 -1 -1 -1 -1 -1 -1 -1 -1
1668.0,878 757 1857 1801 368 787 801 551 1614 111 35 506 998 995 752 817 1036 1346 915 1872 817 922 242 242 722 240 1910 947 1420 49 1692 17 1268 1952 879 1205 1205 679 938 1847 -1 -1 -1 -1 -1 -1 -1 -1 -1 -1 -1 -1 -1 -1 -1 -1 -1 -1 -1 -1 -1 -1 -1 -1 -1 -1 -1 -1 -1 -1
1666.0,878 722 1857 1801 1917 770 368 1856 801 506 998 1657 851 1462 817 817 862 573 900 907 171 1313 697 2052 814 908 -1 -1 -1 -1 -1 -1 -1 -1 -1 -1 -1 -1 -1 -1 -1 -1 -1 -1 -1 -1 -1 -1 -1 -1 -1 -1 -1 -1 -1 -1 -1 -1 -1 -1 -1 -1 -1 -1 -1 -1 -1 -1 -1 -1
1665.0,878 757 1857 234 368 1801 1346 1657 1614 506 998 551 679 359 35 1320 1036 111 817 817 499 1863 1664 995 752 42 242 343 26 1764 2061 560 249 1176 1551 1551 284 284 833 1448 345 510 361 288 1769 1992 1815 23 374 350 1265 1325 155 0 -1 -1 -1 -1 -1 -1 -1 -1 -1 -1 -1 -1 -1 -1 -1 -1
1778.5,878 757 1857 1801 368 787 801 506 998 995 868 1462 599 1685 1050 2020 862 817 1349 884 783 1392 722 71 136 136 1053 1320 1300 381 1927 1863 83 922 591 1336 1614 1646 252 1879 1707 1104 157 1764 757 1664 1112 1873 1234 1336 471 1952 530 1900 149 186 1855 913 1502 1217 647 714 950 571 1336 0 -1 -1 -1 -1
1684.0,878 995 368 1346 998 473 1313 506 734 322 1857 1801 1300 1176 146 2036 817 1952 35 722 1346 1608 556 1792 1217 1872 1467 1756 1967 641 697 783 680 186 683 878 505 1068 1591 1808 221 186 1419 1239 992 648 396 0 -1 -1 -1 -1 -1 -1 -1 -1 -1 -1 -1 -1 -1 -1 -1 -1 -1 -1 -1 -1 -1 -1
1788.5,368 1346 1614 1502 1857 1745 242 242 998 995 862 1801 1201 506 1300 1863 698 1764 9 1551 284 182 -1 -1 -1 -1 -1 -1 -1 -1 -1 -1 -1 -1 -1 -1 -1 -1 -1 -1 -1 -1 -1 -1 -1 -1 -1 -1 -1 -1 -1 -1 -1 -1 -1 -1 -1 -1 -1 -1 -1 -1 -1 -1 -1 -1 -1 -1 -1 -1
1752.5,368 1346 1306 302 1857 506 862 1801 1201 1176 1411 995 230 510 146 960 777 1349 1657 679 1650 551 615 1651 1259 1053 1857 1863 817 350 879 1022 1614 567 1657 1517 249 432 242 388 1192 567 1725 2014 1664 1909 471 1300 1501 567 2061 366 1764 1551 1551 1176 819 0 -1 -1 -1 -1 -1 -1 -1 -1 -1 -1 -1 -1
1675.5,368 506 1614 995 998 1462 752 817 1725 624 1664 1733 878 1873 1576 1502 1814 1392 463 1346 757 1413 722 1472 1411 1952 1910 1205 1205 947 817 927 423 1191 927 0 -1 -1 -1 -1 -1 -1 -1 -1 -1 -1 -1 -1 -1 -1 -1 -1 -1 -1 -1 -1 -1 -1 -1 -1 -1 -1 -1 -1 -1 -1 -1 -1 -1 -1
1618.5,368 1346 1614 740 878 1764 1112 922 1950 1950 1256 1535 998 1266 2063 551 1068 506 146 111 1053 645 1814 1475 1249 1723 814 1145 246 246 1990 1001 797 186 195 1001 797 186 710 1433 598 186 213 1969 481 722 723 404 498 0 -1 -1 -1 -1 -1 -1 -1 -1 -1 -1 -1 -1 -1 -1 -1 -1 -1 -1 -1 -1
1615.5,878 757 1857 1801 368 801 801 787 927 995 862 234 998 722 1239 359 1546 960 774 1911 1896 812 1167 1176 374 560 1675 1587 45 1953 1318 1906 148 1191 763 0 -1 -1 -1 -1 -1 -1 -1 -1 -1 -1 -1 -1 -1 -1 -1 -1 -1 -1 -1 -1 -1 -1 -1 -1 -1 -1 -1 -1 -1 -1 -1 -1 -1 -1
1734.0,878 722 1857 1801 1917 1265 1306 1863 368 1856 787 889 998 579 817 817 1725 624 1346 143 146 234 722 1230 1264 1764 1411 432 1219 1366 609 0 -1 -1 -1 -1 -1 -1 -1 -1 -1 -1 -1 -1 -1 -1 -1 -1 -1 -1 -1 -1 -1 -1 -1 -1 -1 -1 -1 -1 -1 -1 -1 -1 -1 -1 -1 -1 -1 -1
1657.5,878 722 1857 506 679 1801 915 1217 334 1775 1036 1265 817 1462 -1 -1 -1 -1 -1 -1 -1 -1 -1 -1 -1 -1 -1 -1 -1 -1 -1 -1 -1 -1 -1 -1 -1 -1 -1 -1 -1 -1 -1 -1 -1 -1 -1 -1 -1 -1 -1 -1 -1 -1 -1 -1 -1 -1 -1 -1 -1 -1 -1 -1 -1 -1 -1 -1 -1 -1
1598.0,878 234 1857 506 368 1313 1411 506 146 551 528 111 998 817 1275 1850 1807 848 947 350 1945 395 1909 1001 1414 995 759 859 2015 802 751 186 632 1587 1053 421 33 1320 427 1953 455 922 1437 0 -1 -1 -1 -1 -1 -1 -1 -1 -1 -1 -1 -1 -1 -1 -1 -1 -1 -1 -1 -1 -1 -1 -1 -1 -1 -1
1551.5,878 757 1857 1801 368 787 801 234 1614 801 927 506 998 1176 1036 551 817 111 35 817 528 848 1195 1195 1275 412 481 953 1645 865 1910 812 302 388 242 995 521 404 544 0 -1 -1 -1 -1 -1 -1 -1 -1 -1 -1 -1 -1 -1 -1 -1 -1 -1 -1 -1 -1 -1 -1 -1 -1 -1 -1 -1 -1 -1 -1
1635.0,878 722 1857 1801 1917 1265 1306 506 368 1856 787 889 998 1313 817 907 171 1346 1264 817 1411 1154 308 1200 1186 473 1535 801 801 927 423 955 1576 947 1560 812 742 0 -1 -1 -1 -1 -1 -1 -1 -1 -1 -1 -1 -1 -1 -1 -1 -1 -1 -1 -1 -1 -1 -1 -1 -1 -1 -1 -1 -1 -1 -1 -1 -1
1732.0,878 722 1857 1801 1917 1265 1306 506 368 960 817 817 359 1313 1264 2047 1664 892 1781 0 -1 -1 -1 -1 -1 -1 -1 -1 -1 -1 -1 -1 -1 -1 -1 -1 -1 -1 -1 -1 -1 -1 -1 -1 -1 -1 -1 -1 -1 -1 -1 -1 -1 -1 -1 -1 -1 -1 -1 -1 -1 -1 -1 -1 -1 -1 -1 -1 -1 -1
1655.5,878 551 368 111 998 506 35 1320 1910 922 1411 995 1857 1346 722 1200 1535 473 455 302 1600 2020 481 388 -1 -1 -1 -1 -1 -1 -1 -1 -1 -1 -1 -1 -1 -1 -1 -1 -1 -1 -1 -1 -1 -1 -1 -1 -1 -1 -1 -1 -1 -1 -1 -1 -1 -1 -1 -1 -1 -1 -1 -1 -1 -1 -1 -1 -1 -1
1729.5,878 722 1857 1346 679 473 998 506 368 783 146 1239 359 1537 337 1472 1313 679 156 0 -1 -1 -1 -1 -1 -1 -1 -1 -1 -1 -1 -1 -1 -1 -1 -1 -1 -1 -1 -1 -1 -1 -1 -1 -1 -1 -1 -1 -1 -1 -1 -1 -1 -1 -1 -1 -1 -1 -1 -1 -1 -1 -1 -1 -1 -1 -1 -1 -1 -1
1661.5,878 0 -1 -1 -1 -1 -1 -1 -1 -1 -1 -1 -1 -1 -1 -1 -1 -1 -1 -1 -1 -1 -1 -1 -1 -1 -1 -1 -1 -1 -1 -1 -1 -1 -1 -1 -1 -1 -1 -1 -1 -1 -1 -1 -1 -1 -1 -1 -1 -1 -1 -1 -1 -1 -1 -1 -1 -1 -1 -1 -1 -1 -1 -1 -1 -1 -1 -1 -1 -1
1986.5,878 722 1857 1801 1917 1265 1306 234 368 1856 787 1733 1945 770 817 506 998 817 862 1392 1264 877 1411 1346 722 1897 308 1011 879 1801 892 952 801 801 1192 1801 1300 1176 2047 1269 1896 573 995 1769 813 1145 1136 404 2031 179 1534 885 1132 602 549 1526 1768 860 -1 -1 -1 -1 -1 -1 -1 -1 -1 -1 -1 -1
1993.0,878 1502 368 1346 42 242 1411 1801 1306 551 1857 111 817 506 1264 817 146 1230 1945 1427 1242 995 2052 1863 2061 770 1619 2014 900 1505 366 1909 615 328 226 350 752 836 1282 1436 1645 865 1127 1588 1857 755 2020 1896 1307 860 1858 1001 1307 860 1650 395 1068 0 -1 -1 -1 -1 -1 -1 -1 -1 -1 -1 -1 -1
1919.5,878 722 1857 234 368 0 -1 -1 -1 -1 -1 -1 -1 -1 -1 -1 -1 -1 -1 -1 -1 -1 -1 -1 -1 -1 -1 -1 -1 -1 -1 -1 -1 -1 -1 -1 -1 -1 -1 -1 -1 -1 -1 -1 -1 -1 -1 -1 -1 -1 -1 -1 -1 -1 -1 -1 -1 -1 -1 -1 -1 -1 -1 -1 -1 -1 -1 -1 -1 -1
1820.5,878 722 1857 1801 1917 885 801 1856 817 234 334 506 1306 812 129 1713 787 1346 722 240 998 947 697 927 1264 1053 35 1259 992 657 146 1392 1301 1462 1725 907 1998 1502 289 103 960 1295 783 1723 1834 551 1112 344 620 728 2061 560 947 2014 2063 240 544 117 1930 1611 332 381 1265 1249 518 1010 134 0 -1 -1
1677.5,878 757 1857 1801 368 787 801 801 927 117 35 995 524 733 1770 506 998 1462 752 817 1917 1346 722 240 -1 -1 -1 -1 -1 -1 -1 -1 -1 -1 -1 -1 -1 -1 -1 -1 -1 -1 -1 -1 -1 -1 -1 -1 -1 -1 -1 -1 -1 -1 -1 -1 -1 -1 -1 -1 -1 -1 -1 -1 -1 -1 -1 -1 -1 -1
1716.0,878 722 1857 1801 1917 1265 1306 506 334 234 2061 1230 1664 0 -1 -1 -1 -1 -1 -1 -1 -1 -1 -1 -1 -1 -1 -1 -1 -1 -1 -1 -1 -1 -1 -1 -1 -1 -1 -1 -1 -1 -1 -1 -1 -1 -1 -1 -1 -1 -1 -1 -1 -1 -1 -1 -1 -1 -1 -1 -1 -1 -1 -1 -1 -1 -1 -1 -1 -1
1716.0,878 722 1857 1801 1300 1265 1306 506 368 1856 787 889 549 1863 356 1551 476 817 722 481 118 1723 656 102 -1 -1 -1 -1 -1 -1 -1 -1 -1 -1 -1 -1 -1 -1 -1 -1 -1 -1 -1 -1 -1 -1 -1 -1 -1 -1 -1 -1 -1 -1 -1 -1 -1 -1 -1 -1 -1 -1 -1 -1 -1 -1 -1 -1 -1 -1
2043.5,878 234 368 506 998 551 1910 111 1857 817 1411 1801 817 1230 35 722 359 359 1945 1992 8 1427 1242 885 1868 1490 1275 0 -1 -1 -1 -1 -1 -1 -1 -1 -1 -1 -1 -1 -1 -1 -1 -1 -1 -1 -1 -1 -1 -1 -1 -1 -1 -1 -1 -1 -1 -1 -1 -1 -1 -1 -1 -1 -1 -1 -1 -1 -1 -1
1676.5,878 722 1857 234 368 1856 801 506 998 1502 862 770 1036 960 528 1346 42 136 136 1959 1848 1045 817 240 992 506 1192 117 35 289 1746 647 1306 1265 915 846 1805 1872 1467 1176 1597 817 742 1313 -1 -1 -1 -1 -1 -1 -1 -1 -1 -1 -1 -1 -1 -1 -1 -1 -1 -1 -1 -1 -1 -1 -1 -1 -1 -1
1630.0,878 1502 368 1346 42 242 1411 1801 1306 506 862 1230 249 877 1012 1176 1416 995 1857 960 817 817 230 117 1664 1801 2061 1863 1657 679 359 917 2063 551 1834 1409 1275 789 1873 1888 879 836 1127 1588 1775 2014 995 1930 1875 0 -1 -1 -1 -1 -1 -1 -1 -1 -1 -1 -1 -1 -1 -1 -1 -1 -1 -1 -1 -1
1662.5,878 995 368 1346 998 506 722 1472 1910 757 1857 1801 35 787 801 801 952 1265 1520 818 1036 817 817 1176 1785 1505 1909 117 332 1080 499 1332 1027 1200 1313 1658 188 1512 -1 -1 -1 -1 -1 -1 -1 -1 -1 -1 -1 -1 -1 -1 -1 -1 -1 -1 -1 -1 -1 -1 -1 -1 -1 -1 -1 -1 -1 -1 -1 -1
1681.5,878 722 1857 1801 1917 1265 1306 234 368 1856 787 1733 817 1230 1300 1863 698 1191 646 1872 1945 33 1909 1247 1264 350 722 1215 1215 359 679 947 64 802 1152 506 2014 1327 549 514 430 1285 981 1077 35 1 1755 848 -1 -1 -1 -1 -1 -1 -1 -1 -1 -1 -1 -1 -1 -1 -1 -1 -1 -1 -1 -1 -1 -1
1604.0,878 1320 368 922 1411 995 361 506 583 1462 146 770 246 322 722 1946 751 0 -1 -1 -1 -1 -1 -1 -1 -1 -1 -1 -1 -1 -1 -1 -1 -1 -1 -1 -1 -1 -1 -1 -1 -1 -1 -1 -1 -1 -1 -1 -1 -1 -1 -1 -1 -1 -1 -1 -1 -1 -1 -1 -1 -1 -1 -1 -1 -1 -1 -1 -1 -1
1687.5,878 757 1857 1801 368 787 801 995 998 506 35 1462 915 484 171 1872 1411 817 722 481 1265 1392 2063 551 544 560 817 0 -1 -1 -1 -1 -1 -1 -1 -1 -1 -1 -1 -1 -1 -1 -1 -1 -1 -1 -1 -1 -1 -1 -1 -1 -1 -1 -1 -1 -1 -1 -1 -1 -1 -1 -1 -1 -1 -1 -1 -1 -1 -1
1870.5,878 722 1857 1801 1300 1863 698 506 817 1313 368 1425 398 801 801 1856 1656 960 927 817 998 1320 1792 1392 476 1502 862 1764 851 1664 1394 171 171 1092 549 779 779 770 656 860 1068 1733 316 234 1050 947 1033 955 210 0 -1 -1 -1 -1 -1 -1 -1 -1 -1 -1 -1 -1 -1 -1 -1 -1 -1 -1 -1 -1
1879.5,878 757 1857 234 368 787 801 1863 1614 1801 35 506 998 722 1183 812 146 770 246 322 1036 877 481 388 1959 1801 817 381 1664 641 1421 1713 992 2014 1230 1587 1764 1551 1893 877 1646 111 1301 1346 1816 634 42 42 374 368 752 1997 1904 783 1512 1320 1147 1311 1540 494 1301 2047 818 1520 2061 1511 -1 -1 -1 -1
1904.0,878 995 368 1346 2052 506 722 1472 1411 757 1306 1801 982 117 361 787 787 889 118 190 193 817 817 1952 530 936 1747 1176 288 978 879 1646 1657 62 639 639 62 927 2021 506 1104 1200 1868 465 1805 1836 908 1145 1322 404 288 2052 1301 1969 1112 464 1264 368 -1 -1 -1 -1 -1 -1 -1 -1 -1 -1 -1 -1
1962.0,878 722 1857 0 -1 -1 -1 -1 -1 -1 -1 -1 -1 -1 -1 -1 -1 -1 -1 -1 -1 -1 -1 -1 -1 -1 -1 -1 -1 -1 -1 -1 -1 -1 -1 -1 -1 -1 -1 -1 -1 -1 -1 -1 -1 -1 -1 -1 -1 -1 -1 -1 -1 -1 -1 -1 -1 -1 -1 -1 -1 -1 -1 -1 -1 -1 -1 -1 -1 -1
2020.0,878 757 1857 995 368 787 801 1863 1411 412 998 506 817 1265 1081 960 2061 1320 615 234 1910 1475 35 922 -1 -1 -1 -1 -1 -1 -1 -1 -1 -1 -1 -1 -1 -1 -1 -1 -1 -1 -1 -1 -1 -1 -1 -1 -1 -1 -1 -1 -1 -1 -1 -1 -1 -1 -1 -1 -1 -1 -1 -1 -1 -1 -1 -1 -1 -1
1965.5,878 1801 1857 234 368 551 1300 1176 1346 1657 1675 1794 679 359 817 111 1614 506 998 1863 752 817 35 1005 615 1109 992 510 528 302 1588 1067 1275 1910 1645 865 615 995 1546 506 1726 1930 2067 870 465 206 1747 1 1503 1392 1937 1557 1200 186 1252 1808 635 770 1909 1692 72 1366 1910 634 1358 0 -1 -1 -1 -1
1367.0,368 1346 1614 995 998 506 146 960 1857 817 1201 757 242 42 988 1520 246 322 1959 240 1200 1888 1756 1872 818 818 885 922 1917 1355 817 49 177 1623 915 1517 885 571 879 1646 1725 1904 2021 1999 475 1904 1945 288 836 602 332 374 337 603 1393 551 1254 0 -1 -1 -1 -1 -1 -1 -1 -1 -1 -1 -1 -1
1910.0,1614 722 998 506 1857 1801 1201 1346 242 136 1300 1863 1467 1872 679 880 368 783 915 1154 171 817 697 2036 1657 308 817 812 2061 1998 499 308 1576 618 1501 1781 471 249 240 1355 1669 1900 696 804 40 2056 1346 499 -1 -1 -1 -1 -1 -1 -1 -1 -1 -1 -1 -1 -1 -1 -1 -1 -1 -1 -1 -1 -1 -1
1954.0,1614 1502 1857 1346 1201 1230 249 412 1036 722 242 878 885 17 1543 242 1959 506 1277 1801 583 1863 4 1764 481 136 1959 381 1658 960 368 817 817 783 1834 648 332 1517 878 503 620 783 722 960 35 146 709 1430 879 117 953 235 1924 801 927 544 1312 2023 1868 0 -1 -1 -1 -1 -1 -1 -1 -1 -1 -1
1653.5,1614 722 998 1863 1857 1801 368 1856 801 1265 915 1872 1927 770 591 506 862 817 817 1873 878 49 1112 1733 722 1897 742 455 2063 1313 1313 1346 146 432 1669 1900 246 938 286 860 1875 0 -1 -1 -1 -1 -1 -1 -1 -1 -1 -1 -1 -1 -1 -1 -1 -1 -1 -1 -1 -1 -1 -1 -1 -1 -1 -1 -1 -1
1678.5,1614 722 998 506 1857 1801 1201 1265 1725 817 368 1856 1856 1077 1036 1997 817 0 -1 -1 -1 -1 -1 -1 -1 -1 -1 -1 -1 -1 -1 -1 -1 -1 -1 -1 -1 -1 -1 -1 -1 -1 -1 -1 -1 -1 -1 -1 -1 -1 -1 -1 -1 -1 -1 -1 -1 -1 -1 -1 -1 -1 -1 -1 -1 -1 -1 -1 -1 -1
1626.5,878 1502 368 1346 42 242 1411 1801 1306 506 862 1230 249 995 2052 281 999 960 1945 33 817 1863 1657 679 359 240 900 1952 530 936 414 1705 177 817 965 432 344 2036 1983 544 1868 465 1805 1265 332 846 1857 1200 1036 1283 1393 1543 885 1244 1927 0 -1 -1 -1 -1 -1 -1 -1 -1 -1 -1 -1 -1 -1 -1
1645.0,1614 1346 242 1959 998 560 878 722 1857 1462 1725 1801 1300 328 334 1230 146 484 -1 -1 -1 -1 -1 -1 -1 -1 -1 -1 -1 -1 -1 -1 -1 -1 -1 -1 -1 -1 -1 -1 -1 -1 -1 -1 -1 -1 -1 -1 -1 -1 -1 -1 -1 -1 -1 -1 -1 -1 -1 -1 -1 -1 -1 -1 -1 -1 -1 -1 -1 -1
1645.0,1614 506 998 995 878 234 368 1502 1857 960 1411 817 1945 770 817 1475 722 359 359 917 332 2047 369 137 337 1952 530 936 35 1320 448 49 1664 1598 992 647 -1 -1 -1 -1 -1 -1 -1 -1 -1 -1 -1 -1 -1 -1 -1 -1 -1 -1 -1 -1 -1 -1 -1 -1 -1 -1 -1 -1 -1 -1 -1 -1 -1 -1
1657.5,1614 722 998 302 368 878 862 1462 1201 350 1814 484 171 506 757 848 455 817 861 955 1736 908 316 366 1927 1945 752 866 1242 2020 33 234 1195 1282 1612 551 1053 1801 1366 1366 1050 1050 1685 1745 2042 1392 1403 679 359 1010 1791 1001 392 114 1255 1067 145 696 442 634 1104 1288 767 188 1579 1440 767 729 475 0
1631.0,1614 722 998 1801 1927 1320 591 922 1201 506 1479 234 817 960 1112 350 1945 2014 1576 281 368 1856 1856 366 1909 1646 1346 1502 1217 646 1467 915 1420 629 1264 1863 246 246 126 1191 1612 1001 539 1735 1200 421 641 0 -1 -1 -1 -1 -1 -1 -1 -1 -1 -1 -1 -1 -1 -1 -1 -1 -1 -1 -1 -1 -1 -1
1636.0,1614 506 998 551 878 234 368 111 1857 817 1036 722 817 1801 1346 328 1124 917 35 302 752 506 1301 955 757 1910 345 2014 1366 1366 1420 1863 1887 1909 1739 719 1427 1216 332 1275 1887 1230 1490 432 2021 2063 1195 1436 609 831 -1 -1 -1 -1 -1 -1 -1 -1 -1 -1 -1 -1 -1 -1 -1 -1 -1 -1 -1 -1
1532.0,1614 722 998 302 368 878 862 2014 226 506 481 136 887 506 246 322 1201 350 1650 0 -1 -1 -1 -1 -1 -1 -1 -1 -1 -1 -1 -1 -1 -1 -1 -1 -1 -1 -1 -1 -1 -1 -1 -1 -1 -1 -1 -1 -1 -1 -1 -1 -1 -1 -1 -1 -1 -1 -1 -1 -1 -1 -1 -1 -1 -1 -1 -1 -1 -1
1763.0,1614 506 998 551 368 111 878 234 1857 1845 1036 722 1346 2047 308 1873 1112 1176 1725 2061 1664 1081 499 817 817 1502 35 242 242 412 1501 0 -1 -1 -1 -1 -1 -1 -1 -1 -1 -1 -1 -1 -1 -1 -1 -1 -1 -1 -1 -1 -1 -1 -1 -1 -1 -1 -1 -1 -1 -1 -1 -1 -1 -1 -1 -1 -1 -1
1789.5,1614 995 998 1346 368 1502 878 506 722 1472 1857 960 1411 740 1256 817 35 1723 1411 302 366 481 136 242 862 1801 350 770 817 117 369 1080 900 281 1619 1087 68 927 697 341 -1 -1 -1 -1 -1 -1 -1 -1 -1 -1 -1 -1 -1 -1 -1 -1 -1 -1 -1 -1 -1 -1 -1 -1 -1 -1 -1 -1 -1 -1
1670.0,1614 506 998 1346 242 136 1857 1154 171 551 1927 722 679 1612 1857 111 591 817 817 2063 368 240 499 506 1657 1608 285 1005 1201 137 257 1266 1711 1200 1614 1239 359 1010 714 1505 499 1320 823 2047 1791 859 333 1001 1576 0 -1 -1 -1 -1 -1 -1 -1 -1 -1 -1 -1 -1 -1 -1 -1 -1 -1 -1 -1 -1
1660.0,1614 506 998 551 368 111 878 234 1857 1230 1036 817 817 1472 1945 1427 1427 722 35 1801 1346 328 1909 1502 1301 242 242 1863 591 1764 1957 1723 1112 1873 1361 1664 1420 1505 1603 139 72 1192 1770 281 35 1997 1969 302 1588 1067 528 1910 1998 171 1141 136 897 955 679 111 1736 0 -1 -1 -1 -1 -1 -1 -1 -1
1669.0,1614 757 1927 995 591 783 998 1863 1857 328 368 787 801 1265 817 625 35 1733 528 1657 1112 848 862 722 1945 1425 1239 234 862 772 75 75 1201 1184 1751 0 -1 -1 -1 -1 -1 -1 -1 -1 -1 -1 -1 -1 -1 -1 -1 -1 -1 -1 -1 -1 -1 -1 -1 -1 -1 -1 -1 -1 -1 -1 -1 -1 -1 -1
1893.0,1614 506 998 551 878 234 368 111 1857 817 1036 1475 817 722 146 770 1619 1502 1945 412 1346 757 2052 1863 2061 1897 1910 1992 1615 2014 709 227 -1 -1 -1 -1 -1 -1 -1 -1 -1 -1 -1 -1 -1 -1 -1 -1 -1 -1 -1 -1 -1 -1 -1 -1 -1 -1 -1 -1 -1 -1 -1 -1 -1 -1 -1 -1 -1 -1
1636.0,1614 995 998 506 878 1346 722 1472 368 757 1857 1801 242 787 801 1790 862 573 900 506 1726 129 1600 1537 337 1713 1167 186 817 1265 1747 103 1200 1313 1186 1863 1917 978 1540 1764 542 634 894 381 211 1440 1848 350 1569 112 2026 328 367 0 -1 -1 -1 -1 -1 -1 -1 -1 -1 -1 -1 -1 -1 -1 -1 -1
1663.0,1614 234 368 551 878 111 998 506 1857 817 1036 1475 817 722 1945 1856 801 757 1183 1657 1375 812 1910 1801 715 885 35 388 242 1863 2061 1392 1873 1313 1313 1186 -1 -1 -1 -1 -1 -1 -1 -1 -1 -1 -1 -1 -1 -1 -1 -1 -1 -1 -1 -1 -1 -1 -1 -1 -1 -1 -1 -1 -1 -1 -1 -1 -1 -1
1819.0,1614 722 998 1801 1927 234 591 551 1201 1176 1479 111 817 506 499 812 481 388 242 328 878 240 1664 302 334 1910 349 1992 1769 1657 1490 953 1721 1953 797 509 146 1525 308 1022 1263 770 862 2014 1239 359 1608 506 -1 -1 -1 -1 -1 -1 -1 -1 -1 -1 -1 -1 -1 -1 -1 -1 -1 -1 -1 -1 -1 -1
1528.5,1725 722 1614 506 334 1346 242 136 1857 1801 878 1723 1036 960 35 817 817 812 1664 240 368 1856 801 801 952 770 2052 757 55 818 1576 1081 1948 1963 1513 528 1192 1268 1978 0 -1 -1 -1 -1 -1 -1 -1 -1 -1 -1 -1 -1 -1 -1 -1 -1 -1 -1 -1 -1 -1 -1 -1 -1 -1 -1 -1 -1 -1 -1
1669.0,1614 722 998 1462 481 1265 1201 506 368 1733 1411 1856 1856 952 1857 136 801 506 146 1801 836 1216 1162 1191 817 770 1619 234 697 1127 1057 885 1249 1490 697 1587 1747 1191 992 953 246 1900 322 2020 1745 322 129 754 316 725 1077 0 -1 -1 -1 -1 -1 -1 -1 -1 -1 -1 -1 -1 -1 -1 -1 -1 -1 -1
1659.5,1614 506 998 234 368 551 878 111 1857 817 1036 1475 817 757 1346 1863 1124 1723 2061 995 1873 1475 1910 42 42 1392 1230 1436 262 1657 1896 701 302 1127 1255 1067 1275 880 1645 774 1983 1375 -1 -1 -1 -1 -1 -1 -1 -1 -1 -1 -1 -1 -1 -1 -1 -1 -1 -1 -1 -1 -1 -1 -1 -1 -1 -1 -1 -1
1592.5,878 722 1857 234 368 506 359 359 738 1075 679 889 1306 1801 881 1872 343 1313 1411 1392 817 626 1264 1745 752 1952 1432 1535 1186 281 1010 1205 118 26 647 0 -1 -1 -1 -1 -1 -1 -1 -1 -1 -1 -1 -1 -1 -1 -1 -1 -1 -1 -1 -1 -1 -1 -1 -1 -1 -1 -1 -1 -1 -1 -1 -1 -1 -1
2035.5,1614 506 998 995 878 1346 722 368 530 214 171 322 368 722 1857 1801 359 679 615 783 757 817 1366 1230 118 1005 1053 1870 934 1937 719 1427 181 381 1608 1191 2059 1647 910 1152 -1 -1 -1 -1 -1 -1 -1 -1 -1 -1 -1 -1 -1 -1 -1 -1 -1 -1 -1 -1 -1 -1 -1 -1 -1 -1 -1 -1 -1 -1
1649.0,1614 757 1927 1801 591 506 998 551 499 995 878 111 334 1346 42 1646 1012 1176 1416 817 1725 1845 1726 129 1479 953 288 1230 218 1005 817 1275 1945 8 1215 446 1091 779 1946 1436 1608 1045 262 1392 823 1505 368 1320 1346 755 1747 1 1503 1045 139 139 562 1887 1230 0 -1 -1 -1 -1 -1 -1 -1 -1 -1 -1
1625.0,878 1346 42 506 368 136 1857 1230 1945 33 1917 995 1909 1247 1657 960 817 817 1202 802 2052 288 1857 772 1617 460 8 1615 542 955 1657 755 1736 908 316 240 697 421 1612 880 1794 725 1394 1152 1924 783 1392 770 18 1054 1264 1249 1536 860 1792 1327 549 1896 597 0 -1 -1 -1 -1 -1 -1 -1 -1 -1 -1
1592.5,368 1346 1614 995 998 506 1857 960 862 817 1201 1320 242 136 136 42 1411 757 817 1801 1300 922 356 953 988 55 1657 755 915 0 -1 -1 -1 -1 -1 -1 -1 -1 -1 -1 -1 -1 -1 -1 -1 -1 -1 -1 -1 -1 -1 -1 -1 -1 -1 -1 -1 -1 -1 -1 -1 -1 -1 -1 -1 -1 -1 -1 -1 -1
1599.5,878 995 2063 551 1068 1801 683 880 1006 1107 774 1645 1857 722 1306 234 1300 812 368 1863 698 1053 1346 877 1726 1713 817 1346 42 42 1361 878 885 350 1490 714 1675 0 -1 -1 -1 -1 -1 -1 -1 -1 -1 -1 -1 -1 -1 -1 -1 -1 -1 -1 -1 -1 -1 -1 -1 -1 -1 -1 -1 -1 -1 -1 -1 -1
1868.5,1614 995 998 1320 368 922 878 328 1857 1346 1411 770 817 2014 35 573 242 42 42 388 1264 328 1657 240 136 136 709 960 1801 656 102 409 -1 -1 -1 -1 -1 -1 -1 -1 -1 -1 -1 -1 -1 -1 -1 -1 -1 -1 -1 -1 -1 -1 -1 -1 -1 -1 -1 -1 -1 -1 -1 -1 -1 -1 -1 -1 -1 -1
1823.5,1614 551 998 111 368 506 878 234 1857 757 1036 1801 1346 1646 1012 1176 1416 817 1725 1845 817 1887 1124 1764 1664 1950 752 0 -1 -1 -1 -1 -1 -1 -1 -1 -1 -1 -1 -1 -1 -1 -1 -1 -1 -1 -1 -1 -1 -1 -1 -1 -1 -1 -1 -1 -1 -1 -1 -1 -1 -1 -1 -1 -1 -1 -1 -1 -1 -1
1903.5,1614 506 998 551 878 234 368 111 1857 1475 1036 757 1945 787 801 117 35 1080 892 1448 817 1313 1420 465 1805 817 1301 1863 1887 1336 481 1764 1718 760 760 922 1893 1551 2021 696 1104 1312 1027 471 837 1291 779 1415 609 281 481 1664 1110 226 871 1112 545 1104 1104 1417 549 1191 981 1906 145 1953 213 509 1961 0
1581.5,1614 722 998 506 1857 1502 679 1462 878 817 334 234 1857 1346 242 242 42 136 308 1745 118 1077 1036 288 8 2020 817 1801 481 1268 1268 779 1199 1199 1747 1 1503 62 1533 1769 1104 1505 1927 0 -1 -1 -1 -1 -1 -1 -1 -1 -1 -1 -1 -1 -1 -1 -1 -1 -1 -1 -1 -1 -1 -1 -1 -1 -1 -1
1906.5,1614 234 368 506 998 1475 878 722 1857 1856 801 960 35 817 1036 1392 817 2047 752 1873 332 1997 1909 955 836 551 395 1490 586 0 -1 -1 -1 -1 -1 -1 -1 -1 -1 -1 -1 -1 -1 -1 -1 -1 -1 -1 -1 -1 -1 -1 -1 -1 -1 -1 -1 -1 -1 -1 -1 -1 -1 -1 -1 -1 -1 -1 -1 -1
1586.0,1614 757 1927 1801 591 506 998 722 1201 234 1479 770 1112 1863 1576 1176 817 960 1910 1230 1945 33 1909 1247 302 1113 332 281 1725 817 1312 412 932 1764 734 246 481 1045 734 322 646 1518 591 1950 1950 281 499 1946 697 551 1952 1005 1828 413 413 878 853 947 1485 705 435 0 -1 -1 -1 -1 -1 -1 -1 -1
1865.0,1614 722 998 1265 1201 506 1857 234 368 1856 1856 1462 1411 1346 817 817 146 907 171 755 757 1045 1657 1801 1910 770 1619 328 499 836 1127 1127 1104 436 249 1200 1502 2052 1959 2009 1142 812 697 1952 573 1392 1896 1745 246 641 2006 609 777 1349 1785 488 1252 81 1927 406 596 1197 -1 -1 -1 -1 -1 -1 -1 -1
1992.0,1614 722 998 1265 1201 1801 1857 506 368 1856 1856 1462 1411 1346 817 817 146 740 1256 1230 1945 1427 1242 801 1868 907 171 1183 1249 762 5 755 947 978 851 956 1896 974 -1 -1 -1 -1 -1 -1 -1 -1 -1 -1 -1 -1 -1 -1 -1 -1 -1 -1 -1 -1 -1 -1 -1 -1 -1 -1 -1 -1 -1 -1 -1 -1
2026.5,1614 722 998 1462 308 506 1857 234 1201 907 171 878 455 1745 752 1475 1313 1313 1432 81 1927 28 1658 1535 751 1657 334 1572 -1 -1 -1 -1 -1 -1 -1 -1 -1 -1 -1 -1 -1 -1 -1 -1 -1 -1 -1 -1 -1 -1 -1 -1 -1 -1 -1 -1 -1 -1 -1 -1 -1 -1 -1 -1 -1 -1 -1 -1 -1 -1
1855.0,878 722 1857 1801 1300 1863 698 506 817 960 334 1764 851 817 2061 922 998 885 679 1948 694 1346 1551 1551 353 1597 146 1664 1420 1502 143 412 180 646 1798 1035 1756 473 473 1313 777 1349 1264 1392 752 704 549 184 -1 -1 -1 -1 -1 -1 -1 -1 -1 -1 -1 -1 -1 -1 -1 -1 -1 -1 -1 -1 -1 -1
1968.0,878 757 1857 234 368 787 801 1801 1614 506 998 1863 1036 551 35 111 817 817 1183 1176 528 1392 992 848 1195 1195 752 812 1112 560 885 1657 1600 1713 361 193 800 421 288 51 1927 2014 1814 0 -1 -1 -1 -1 -1 -1 -1 -1 -1 -1 -1 -1 -1 -1 -1 -1 -1 -1 -1 -1 -1 -1 -1 -1 -1 -1
2009.5,878 722 1857 1346 679 783 368 473 998 1239 359 1537 910 1446 1036 1745 1264 240 862 1053 410 1952 530 642 1112 1723 1234 494 992 770 1945 71 136 136 900 2014 1230 1195 1215 506 333 859 410 1392 752 1201 1614 350 1414 1484 1630 288 8 349 213 1216 1147 1178 145 1392 1527 705 145 757 1264 1587 981 1517 1105 677
1929.0,878 995 368 1346 2052 757 42 42 999 506 1167 1176 1675 1833 817 960 988 1520 1081 960 146 817 1306 770 1619 1392 1264 1505 1465 1265 2031 179 249 1733 1264 1231 836 2047 1416 1377 246 936 2006 955 1839 139 332 848 885 0 -1 -1 -1 -1 -1 -1 -1 -1 -1 -1 -1 -1 -1 -1 -1 -1 -1 -1 -1 -1
1651.0,878 1502 368 1346 42 242 1411 506 1306 1230 249 117 862 1801 2052 995 999 1513 1363 1863 1664 960 1764 1359 834 834 1167 240 314 314 177 817 817 506 1945 1427 1870 510 1630 551 1411 1911 499 1801 1664 1505 1764 877 1320 1311 49 281 414 1692 1685 0 -1 -1 -1 -1 -1 -1 -1 -1 -1 -1 -1 -1 -1 -1
1660.5,878 757 1857 1952 368 551 722 111 1917 1801 530 530 817 579 988 877 1036 817 998 302 118 1661 861 955 146 560 481 841 884 1160 915 1217 1306 812 1264 571 615 894 1160 1256 992 337 337 1036 1264 1427 719 770 1619 2014 900 1910 -1 -1 -1 -1 -1 -1 -1 -1 -1 -1 -1 -1 -1 -1 -1 -1 -1 -1
1911.5,878 757 1857 995 368 787 801 1801 998 506 1036 1462 146 770 246 322 817 0 -1 -1 -1 -1 -1 -1 -1 -1 -1 -1 -1 -1 -1 -1 -1 -1 -1 -1 -1 -1 -1 -1 -1 -1 -1 -1 -1 -1 -1 -1 -1 -1 -1 -1 -1 -1 -1 -1 -1 -1 -1 -1 -1 -1 -1 -1 -1 -1 -1 -1 -1 -1
2005.5,878 722 1857 234 368 240 1917 1502 998 960 817 770 1346 1549 1264 817 1945 1723 851 757 361 510 1614 302 1588 1127 1312 271 597 878 553 1911 848 1444 35 741 499 1828 351 2020 1850 1201 1255 256 18 13 1983 883 1503 554 1393 351 463 101 35 1785 -1 -1 -1 -1 -1 -1 -1 -1 -1 -1 -1 -1 -1 -1
1933.5,878 1502 368 1346 42 242 1411 1801 1306 506 862 995 1857 783 1657 1239 359 240 615 1952 530 322 900 817 817 2047 783 62 584 1054 1259 754 1057 1588 2052 812 1747 1392 1857 1176 885 801 787 1 1503 186 752 567 626 551 1725 1764 1147 1863 1512 1176 2021 1587 1252 1225 1336 1269 628 0 -1 -1 -1 -1 -1 -1
1721.0,878 722 1857 1801 1917 877 679 701 701 506 334 1320 817 49 146 770 1619 1764 1375 960 998 817 836 1265 481 848 2005 1425 398 110 1758 895 1834 1502 1978 0 -1 -1 -1 -1 -1 -1 -1 -1 -1 -1 -1 -1 -1 -1 -1 -1 -1 -1 -1 -1 -1 -1 -1 -1 -1 -1 -1 -1 -1 -1 -1 -1 -1 -1
1757.5,878 722 1857 1801 1300 1863 698 1764 851 506 817 1265 1306 234 368 268 146 770 1619 2014 900 1313 894 271 1467 1191 1648 0 -1 -1 -1 -1 -1 -1 -1 -1 -1 -1 -1 -1 -1 -1 -1 -1 -1 -1 -1 -1 -1 -1 -1 -1 -1 -1 -1 -1 -1 -1 -1 -1 -1 -1 -1 -1 -1 -1 -1 -1 -1 -1
1851.5,878 995 368 1346 2052 473 1313 506 146 960 734 246 246 322 1857 817 1411 381 817 1320 742 1502 1306 922 308 551 366 770 1747 240 1798 1001 1868 2056 992 757 252 1104 1792 2021 988 818 1068 1577 1683 1683 723 358 549 1904 374 722 981 460 2038 1111 981 460 2038 603 910 1904 -1 -1 -1 -1 -1 -1 -1 -1
1929.0,878 757 1857 234 368 787 801 506 998 1863 1927 722 1169 1764 591 1475 817 960 1910 922 1725 817 1945 1505 1909 1723 2014 1472 366 1969 1846 1952 551 2015 478 860 481 388 42 411 1393 302 1885 506 1848 972 2018 1200 1535 1432 1834 955 909 1911 1205 1239 1275 1337 -1 -1 -1 -1 -1 -1 -1 -1 -1 -1 -1 -1
1884.5,878 757 1857 1801 1300 551 646 1872 817 234 1306 111 368 787 787 1230 35 1427 1242 117 2052 506 722 481 1219 464 1805 1080 539 0 -1 -1 -1 -1 -1 -1 -1 -1 -1 -1 -1 -1 -1 -1 -1 -1 -1 -1 -1 -1 -1 -1 -1 -1 -1 -1 -1 -1 -1 -1 -1 -1 -1 -1 -1 -1 -1 -1 -1 -1
1903.5,878 757 1857 234 368 787 801 506 998 551 35 111 752 817 528 1801 1917 1863 1053 1764 915 412 894 995 2006 1349 1597 1664 361 1346 42 42 388 136 1959 812 1560 14 1707 1505 117 2020 2059 1745 885 953 661 1057 1791 859 738 1997 1095 444 449 404 210 0 -1 -1 -1 -1 -1 -1 -1 -1 -1 -1 -1 -1
1857.0,878 551 368 111 998 234 1910 506 1857 817 1411 1801 35 848 528 722 359 359 1265 885 679 1239 1205 81 549 589 1288 365 952 514 445 302 861 1001 1474 816 463 1608 1967 244 2038 585 148 1735 944 378 673 0 -1 -1 -1 -1 -1 -1 -1 -1 -1 -1 -1 -1 -1 -1 -1 -1 -1 -1 -1 -1 -1 -1
1593.5,878 722 1857 1801 1300 885 801 1856 817 1502 1917 506 334 1265 1306 817 146 1346 42 242 851 214 1154 368 1200 960 697 1230 734 246 246 1427 2005 1266 1711 973 879 1005 1747 1873 2031 1937 2021 421 1104 770 596 955 908 1392 714 124 1617 456 894 1295 742 236 156 0 -1 -1 -1 -1 -1 -1 -1 -1 -1 -1
1613.5,878 757 1857 1801 1300 1863 646 1872 817 1346 42 242 368 995 862 117 1112 506 1614 740 1950 787 927 1265 1068 783 1050 1050 1685 1200 226 1952 998 2047 900 817 1055 922 1883 1109 892 1427 818 255 719 11 1449 789 856 1048 1617 840 1708 1191 1672 1906 783 864 1758 1123 1031 1190 140 1953 415 0 -1 -1 -1 -1
1571.5,878 722 1857 506 679 1313 615 2020 28 234 368 359 359 712 1746 1150 118 190 1558 817 1053 1392 1910 1745 1945 1801 1909 742 1313 1646 1707 0 -1 -1 -1 -1 -1 -1 -1 -1 -1 -1 -1 -1 -1 -1 -1 -1 -1 -1 -1 -1 -1 -1 -1 -1 -1 -1 -1 -1 -1 -1 -1 -1 -1 -1 -1 -1 -1 -1
1696.0,1664 1346 1576 1745 1857 1801 1764 1646 885 1247 1725 757 527 787 952 506 1201 995 1036 647 475 475 518 1320 1306 624 1770 1770 817 817 356 1200 368 1425 1758 81 1924 1413 1945 1896 1846 1327 1252 422 248 1247 825 755 248 1922 -1 -1 -1 -1 -1 -1 -1 -1 -1 -1 -1 -1 -1 -1 -1 -1 -1 -1 -1 -1
1882.0,878 722 1857 1801 1300 1863 698 1764 851 770 368 1856 801 1265 915 880 817 1217 722 2036 697 328 998 817 1200 938 1306 1239 1264 812 2047 1963 1010 894 1896 974 1648 573 1264 1873 35 2061 992 1005 938 1952 2031 1937 35 1621 714 1533 1791 186 1505 1657 1845 1904 -1 -1 -1 -1 -1 -1 -1 -1 -1 -1 -1 -1
1892.5,878 234 368 506 998 722 1857 960 1036 770 359 359 738 2005 679 817 817 1502 752 1129 332 938 1969 1764 1692 1265 1839 1603 862 1845 1725 510 226 1392 1910 551 2026 1414 879 705 2019 978 938 952 896 2047 722 1873 366 503 1200 1313 1186 1486 1927 302 1633 381 1027 1191 1393 1587 142 1808 448 690 1846 1547 -1 -1
1625.0,878 722 1857 1801 1300 1863 698 506 817 783 368 817 646 1217 359 1239 759 859 679 1392 1910 1313 2052 1558 1471 1952 1857 1230 1828 1147 885 956 1394 978 1186 1186 1927 757 1081 1614 2047 1147 1206 1727 1264 1848 1633 873 549 252 1533 1288 1874 1848 1336 0 -1 -1 -1 -1 -1 -1 -1 -1 -1 -1 -1 -1 -1 -1
1601.5,878 1346 42 1959 998 1045 368 722 359 1537 1878 1801 862 770 998 2014 900 579 1053 836 1857 271 1648 1230 1300 1427 719 1863 1467 1872 614 1265 676 254 769 817 1712 1909 2024 1001 95 1939 1282 728 1925 1925 1925 1001 1105 0 -1 -1 -1 -1 -1 -1 -1 -1 -1 -1 -1 -1 -1 -1 -1 -1 -1 -1 -1 -1
1578.5,878 722 1857 1801 1917 506 455 1265 516 110 549 2020 1090 1346 42 885 334 1230 528 1053 998 421 234 1050 1175 2020 1758 1297 473 1542 635 1307 145 1220 1268 1543 709 1154 316 1313 1240 1178 1144 1867 2042 1131 1052 207 203 1832 601 1867 1720 1869 1846 1502 450 778 1808 1764 1829 1869 134 1642 329 0 -1 -1 -1 -1
1576.0,878 722 1857 234 368 1230 359 1427 1242 359 1917 506 249 0 -1 -1 -1 -1 -1 -1 -1 -1 -1 -1 -1 -1 -1 -1 -1 -1 -1 -1 -1 -1 -1 -1 -1 -1 -1 -1 -1 -1 -1 -1 -1 -1 -1 -1 -1 -1 -1 -1 -1 -1 -1 -1 -1 -1 -1 -1 -1 -1 -1 -1 -1 -1 -1 -1 -1 -1
1646.5,878 551 368 111 998 234 1910 722 1346 302 1857 506 1411 817 817 1432 1535 1313 1313 1745 1312 1992 661 1255 885 2044 1306 757 -1 -1 -1 -1 -1 -1 -1 -1 -1 -1 -1 -1 -1 -1 -1 -1 -1 -1 -1 -1 -1 -1 -1 -1 -1 -1 -1 -1 -1 -1 -1 -1 -1 -1 -1 -1 -1 -1 -1 -1 -1 -1
1818.5,878 722 1857 1801 1300 506 817 885 801 1856 722 481 1306 214 1154 1265 136 1502 1917 242 388 1946 368 2020 988 841 35 412 1301 1419 1264 754 1092 1953 249 1392 1129 733 1697 0 -1 -1 -1 -1 -1 -1 -1 -1 -1 -1 -1 -1 -1 -1 -1 -1 -1 -1 -1 -1 -1 -1 -1 -1 -1 -1 -1 -1 -1 -1
1872.5,878 757 1857 1801 1300 551 646 1872 334 111 35 0 -1 -1 -1 -1 -1 -1 -1 -1 -1 -1 -1 -1 -1 -1 -1 -1 -1 -1 -1 -1 -1 -1 -1 -1 -1 -1 -1 -1 -1 -1 -1 -1 -1 -1 -1 -1 -1 -1 -1 -1 -1 -1 -1 -1 -1 -1 -1 -1 -1 -1 -1 -1 -1 -1 -1 -1 -1 -1
2003.0,878 722 1857 234 368 1856 801 506 998 960 1036 757 1857 817 817 1801 146 812 246 246 481 388 42 885 1264 914 1427 741 499 1828 1633 938 2001 1320 1983 1392 742 770 697 1946 2061 1068 1411 1533 1873 281 733 733 549 1828 216 1998 631 726 1998 1764 525 551 833 1614 1160 872 1192 0 -1 -1 -1 -1 -1 -1
1923.0,878 757 1857 1801 1300 117 998 995 817 551 1264 111 722 579 1200 817 646 915 1692 412 368 787 862 679 679 1050 1202 2067 1769 722 481 234 -1 -1 -1 -1 -1 -1 -1 -1 -1 -1 -1 -1 -1 -1 -1 -1 -1 -1 -1 -1 -1 -1 -1 -1 -1 -1 -1 -1 -1 -1 -1 -1 -1 -1 -1 -1 -1 -1
1949.0,878 1502 368 1346 42 242 1411 551 1306 111 862 506 361 817 1945 1801 1312 1392 817 722 359 679 1239 1010 2052 1200 1857 271 597 1392 249 412 1394 1503 1503 812 289 1997 1249 783 544 1820 455 411 332 1238 407 1191 1437 1930 1653 1587 476 345 1532 634 83 1733 408 1785 1207 1001 344 1868 -1 -1 -1 -1 -1 -1
1897.0,878 995 368 1502 1614 1346 242 242 42 1959 998 1462 1857 1045 1411 770 817 506 1657 1475 1910 817 697 281 302 117 35 1863 1896 510 639 1331 697 506 1346 1265 1520 1933 332 136 136 1959 742 344 1952 551 620 350 1868 860 1846 567 1411 1080 499 804 478 1629 1946 0 -1 -1 -1 -1 -1 -1 -1 -1 -1 -1
1972.5,878 1346 42 1959 998 2016 1036 1230 368 17 278 560 118 1502 817 506 1200 1612 2047 1320 1081 995 288 754 1614 783 697 817 1945 2014 1909 1792 28 1313 510 302 752 1558 1558 240 1725 722 359 1239 1883 1444 1617 978 1067 1656 -1 -1 -1 -1 -1 -1 -1 -1 -1 -1 -1 -1 -1 -1 -1 -1 -1 -1 -1 -1
1861.5,878 1801 1857 1320 368 1346 42 1959 998 755 1420 1045 862 722 679 2020 1036 1863 915 1551 884 777 817 1502 1614 1950 1256 506 1264 1764 851 1745 615 1336 783 1200 777 609 752 817 1432 1186 28 1535 1186 381 351 421 651 551 908 908 908 955 -1 -1 -1 -1 -1 -1 -1 -1 -1 -1 -1 -1 -1 -1 -1 -1
1949.5,878 757 1857 234 368 787 801 506 998 1863 35 722 1081 812 528 770 1053 848 481 464 465 240 1707 1873 1300 2061 1582 560 452 231 -1 -1 -1 -1 -1 -1 -1 -1 -1 -1 -1 -1 -1 -1 -1 -1 -1 -1 -1 -1 -1 -1 -1 -1 -1 -1 -1 -1 -1 -1 -1 -1 -1 -1 -1 -1 -1 -1 -1 -1
1870.5,878 1502 368 1346 42 242 1411 506 1306 1801 862 117 249 770 1857 1230 1657 877 524 733 1167 1801 915 0 -1 -1 -1 -1 -1 -1 -1 -1 -1 -1 -1 -1 -1 -1 -1 -1 -1 -1 -1 -1 -1 -1 -1 -1 -1 -1 -1 -1 -1 -1 -1 -1 -1 -1 -1 -1 -1 -1 -1 -1 -1 -1 -1 -1 -1 -1
1942.5,878 757 998 1863 1927 1801 591 234 334 995 1910 551 1857 111 817 579 35 817 528 1320 302 1588 1588 1127 556 812 1275 1346 1645 865 1249 836 1822 1067 136 388 388 1959 1307 955 1255 699 1617 1107 1249 978 600 1656 2018 926 158 568 -1 -1 -1 -1 -1 -1 -1 -1 -1 -1 -1 -1 -1 -1 -1 -1 -1 -1
1913.5,878 722 1857 1801 1300 1863 698 506 817 1764 851 960 334 817 2061 1664 1873 1346 42 136 1264 1911 230 1745 1969 1392 698 1395 1790 1612 851 1560 35 344 1917 14 814 955 915 915 1132 741 646 1756 499 1828 118 0 -1 -1 -1 -1 -1 -1 -1 -1 -1 -1 -1 -1 -1 -1 -1 -1 -1 -1 -1 -1 -1 -1
1625.5,878 551 368 111 998 722 359 1239 1857 111 1917 234 817 2020 146 1952 1619 812 129 1930 481 953 1614 1801 249 1053 757 98 1366 136 443 394 1055 2020 900 395 1196 714 356 1022 1664 302 560 1415 1073 874 862 111 1850 1850 1560 446 1349 0 -1 -1 -1 -1 -1 -1 -1 -1 -1 -1 -1 -1 -1 -1 -1 -1
1644.0,878 757 998 1801 1927 1320 591 922 1479 722 817 506 334 234 1910 960 1205 679 146 817 288 770 246 246 732 388 136 240 697 226 1306 506 1027 136 42 1873 1280 1336 1608 1764 1834 1664 368 171 171 787 787 1820 974 2061 1249 114 1745 2044 742 2066 188 330 1711 1346 369 436 754 4 292 0 -1 -1 -1 -1
1860.0,878 722 1857 1801 1300 234 368 1176 1346 76 1675 639 1614 1549 998 960 817 2047 308 770 1945 953 35 1845 1664 2014 1883 1909 1215 262 553 2036 757 1216 752 1505 1502 1320 1027 510 807 146 709 1368 361 1587 356 288 1769 2067 975 1737 139 350 1561 634 66 1440 1159 503 347 802 1637 366 286 0 -1 -1 -1 -1
2035.5,878 757 1857 234 368 787 801 506 998 1863 35 1176 1917 995 851 1801 1910 560 817 1505 915 646 722 359 1205 1419 862 1092 332 1775 615 960 992 117 35 560 146 1368 -1 -1 -1 -1 -1 -1 -1 -1 -1 -1 -1 -1 -1 -1 -1 -1 -1 -1 -1 -1 -1 -1 -1 -1 -1 -1 -1 -1 -1 -1 -1 -1
1603.5,878 995 368 1346 2052 757 42 787 999 1959 1917 1045 1081 889 118 190 193 506 561 817 1053 1200 1249 1425 1600 1713 859 859 -1 -1 -1 -1 -1 -1 -1 -1 -1 -1 -1 -1 -1 -1 -1 -1 -1 -1 -1 -1 -1 -1 -1 -1 -1 -1 -1 -1 -1 -1 -1 -1 -1 -1 -1 -1 -1 -1 -1 -1 -1 -1
1679.0,878 1502 368 1346 998 473 1313 1745 1927 0 -1 -1 -1 -1 -1 -1 -1 -1 -1 -1 -1 -1 -1 -1 -1 -1 -1 -1 -1 -1 -1 -1 -1 -1 -1 -1 -1 -1 -1 -1 -1 -1 -1 -1 -1 -1 -1 -1 -1 -1 -1 -1 -1 -1 -1 -1 -1 -1 -1 -1 -1 -1 -1 -1 -1 -1 -1 -1 -1 -1
1647.0,878 1346 42 1959 998 560 368 506 1857 1230 1917 2063 814 725 -1 -1 -1 -1 -1 -1 -1 -1 -1 -1 -1 -1 -1 -1 -1 -1 -1 -1 -1 -1 -1 -1 -1 -1 -1 -1 -1 -1 -1 -1 -1 -1 -1 -1 -1 -1 -1 -1 -1 -1 -1 -1 -1 -1 -1 -1 -1 -1 -1 -1 -1 -1 -1 -1 -1 -1
1651.0,878 995 368 1346 2052 506 722 1472 1411 757 361 1614 1256 740 701 960 817 817 1910 770 302 1588 1312 1764 1692 1685 1219 506 661 1127 1255 1050 862 953 2049 1900 1850 1847 332 1537 -1 -1 -1 -1 -1 -1 -1 -1 -1 -1 -1 -1 -1 -1 -1 -1 -1 -1 -1 -1 -1 -1 -1 -1 -1 -1 -1 -1 -1 -1
1619.5,878 995 368 1346 2052 757 42 42 999 1801 1300 787 801 1176 1162 2020 1928 777 1507 506 817 817 1411 1265 35 1230 915 1427 1520 1266 2006 955 1711 1320 938 1005 246 1900 836 626 1394 41 332 600 1010 1205 751 692 706 878 1300 350 549 860 981 1939 1692 302 1306 0 -1 -1 -1 -1 -1 -1 -1 -1 -1 -1
1969.0,878 1502 368 1346 998 473 1313 506 734 530 1411 927 1857 1045 817 783 598 812 1745 817 129 1713 615 1392 374 412 35 240 448 1657 679 1239 992 571 859 859 333 759 518 560 1416 1035 1835 186 148 1939 525 302 1045 1775 1536 634 577 1440 1447 1911 1569 1666 1627 2018 -1 -1 -1 -1 -1 -1 -1 -1 -1 -1
1875.0,878 722 1857 1801 1300 885 801 1856 817 1265 1306 1502 698 1764 369 214 1154 234 368 1733 1264 506 722 359 1340 812 1346 242 9 656 862 110 1758 231 698 1435 1924 679 1519 240 1301 817 1331 1331 1959 571 1413 812 759 859 2005 1621 -1 -1 -1 -1 -1 -1 -1 -1 -1 -1 -1 -1 -1 -1 -1 -1 -1 -1
1592.5,368 0 -1 -1 -1 -1 -1 -1 -1 -1 -1 -1 -1 -1 -1 -1 -1 -1 -1 -1 -1 -1 -1 -1 -1 -1 -1 -1 -1 -1 -1 -1 -1 -1 -1 -1 -1 -1 -1 -1 -1 -1 -1 -1 -1 -1 -1 -1 -1 -1 -1 -1 -1 -1 -1 -1 -1 -1 -1 -1 -1 -1 -1 -1 -1 -1 -1 -1 -1 -1
1306.5,878 722 1857 1801 1300 1863 698 1764 851 506 817 1265 1306 877 369 817 1664 1313 -1 -1 -1 -1 -1 -1 -1 -1 -1 -1 -1 -1 -1 -1 -1 -1 -1 -1 -1 -1 -1 -1 -1 -1 -1 -1 -1 -1 -1 -1 -1 -1 -1 -1 -1 -1 -1 -1 -1 -1 -1 -1 -1 -1 -1 -1 -1 -1 -1 -1 -1 -1
1842.5,878 722 1857 1801 1300 506 817 1313 368 1692 646 1217 359 836 738 1075 1945 551 480 1906 1911 1216 998 812 455 770 1600 1713 992 111 1200 328 2047 186 777 113 442 1906 1874 1239 1104 1737 1819 1645 1600 1587 537 0 -1 -1 -1 -1 -1 -1 -1 -1 -1 -1 -1 -1 -1 -1 -1 -1 -1 -1 -1 -1 -1 -1
1551.5,878 757 1857 1801 1300 412 817 234 1264 1176 998 1863 481 1045 83 995 288 960 722 2014 510 885 801 787 334 359 1010 1952 1880 186 1197 865 709 399 -1 -1 -1 -1 -1 -1 -1 -1 -1 -1 -1 -1 -1 -1 -1 -1 -1 -1 -1 -1 -1 -1 -1 -1 -1 -1 -1 -1 -1 -1 -1 -1 -1 -1 -1 -1
1629.5,878 757 1857 1863 1614 1801 368 787 801 995 998 1462 35 506 915 1872 1411 722 817 817 1910 907 171 234 757 848 697 947 1945 464 465 988 1205 1392 1917 812 129 1713 456 2020 1280 421 18 13 18 1054 1393 2020 1817 551 880 322 530 186 722 1873 2061 350 366 1191 1031 1614 96 757 1440 186 1735 0 -1 -1
1906.5,878 1346 42 506 368 136 1857 995 1614 506 998 1462 1411 1801 1725 484 171 817 817 1320 146 770 1619 2014 227 212 709 1001 697 922 1481 322 1243 955 944 0 -1 -1 -1 -1 -1 -1 -1 -1 -1 -1 -1 -1 -1 -1 -1 -1 -1 -1 -1 -1 -1 -1 -1 -1 -1 -1 -1 -1 -1 -1 -1 -1 -1 -1
1939.0,878 722 1857 1801 1300 1863 698 506 817 960 334 1764 851 234 2061 877 1551 1948 694 817 998 1230 834 1502 146 412 246 246 1664 1861 356 1427 719 146 1764 1893 9 2020 84 421 998 862 361 1307 1312 350 953 366 754 1648 1368 822 332 709 396 551 1664 1001 1764 1922 716 1733 1031 475 475 518 1320 2000 -1 -1
1881.0,878 757 1857 1346 42 506 1614 995 998 1863 1726 129 1036 1801 817 783 334 953 35 960 1725 381 499 1230 1664 1427 1427 343 527 0 -1 -1 -1 -1 -1 -1 -1 -1 -1 -1 -1 -1 -1 -1 -1 -1 -1 -1 -1 -1 -1 -1 -1 -1 -1 -1 -1 -1 -1 -1 -1 -1 -1 -1 -1 -1 -1 -1 -1 -1
1933.0,878 995 368 1346 2052 506 722 1472 1411 757 1306 1801 982 117 361 787 787 889 118 190 193 289 1725 162 141 1320 879 922 1664 1505 366 817 350 770 1312 1863 361 0 -1 -1 -1 -1 -1 -1 -1 -1 -1 -1 -1 -1 -1 -1 -1 -1 -1 -1 -1 -1 -1 -1 -1 -1 -1 -1 -1 -1 -1 -1 -1 -1
1876.5,878 757 1857 551 368 787 801 1801 1614 506 998 234 1036 801 927 111 35 817 528 812 817 240 1910 2047 302 1176 1275 567 1645 865 456 1873 2023 728 926 404 802 802 351 240 33 1657 1230 1436 1942 995 1062 2015 1680 0 -1 -1 -1 -1 -1 -1 -1 -1 -1 -1 -1 -1 -1 -1 -1 -1 -1 -1 -1 -1
1831.5,878 722 1857 1801 1300 1863 698 1764 851 922 817 880 998 885 801 1856 481 388 42 1053 1614 783 334 350 118 1068 1927 366 862 880 1685 1050 1301 506 1893 357 834 630 84 765 1917 1648 356 1795 398 1189 549 848 1908 975 1794 1890 2038 870 1147 523 -1 -1 -1 -1 -1 -1 -1 -1 -1 -1 -1 -1 -1 -1
1879.0,878 722 1857 1801 1300 1952 368 801 801 1856 927 1502 1917 889 1306 757 1612 560 862 328 1768 1953 817 1216 343 1746 783 1392 998 1080 1420 573 1974 0 -1 -1 -1 -1 -1 -1 -1 -1 -1 -1 -1 -1 -1 -1 -1 -1 -1 -1 -1 -1 -1 -1 -1 -1 -1 -1 -1 -1 -1 -1 -1 -1 -1 -1 -1 -1
1589.5,878 722 1857 506 679 2020 368 234 1857 1658 1036 1230 998 641 817 953 1945 1427 1427 1801 598 960 35 1053 481 136 388 1952 1614 1022 1725 2014 1664 1997 757 988 646 1756 55 1520 1301 344 255 302 833 0 -1 -1 -1 -1 -1 -1 -1 -1 -1 -1 -1 -1 -1 -1 -1 -1 -1 -1 -1 -1 -1 -1 -1 -1
1555.5,878 757 1857 1801 1300 1863 646 1872 817 995 1112 328 1576 1346 334 922 1264 1952 230 573 42 242 1253 186 615 783 1264 953 368 787 801 1265 1507 494 1937 1937 934 179 1937 1996 1927 1657 679 1205 1490 783 1721 186 836 1413 -1 -1 -1 -1 -1 -1 -1 -1 -1 -1 -1 -1 -1 -1 -1 -1 -1 -1 -1 -1
1323.5,878 722 1857 1801 1917 506 455 1265 516 110 549 0 -1 -1 -1 -1 -1 -1 -1 -1 -1 -1 -1 -1 -1 -1 -1 -1 -1 -1 -1 -1 -1 -1 -1 -1 -1 -1 -1 -1 -1 -1 -1 -1 -1 -1 -1 -1 -1 -1 -1 -1 -1 -1 -1 -1 -1 -1 -1 -1 -1 -1 -1 -1 -1 -1 -1 -1 -1 -1
1627.5,1857 995 368 757 878 787 801 1801 1420 182 1748 1863 599 1685 1050 1068 862 1050 1685 1764 1053 506 1036 922 752 722 1265 234 32 1664 481 240 345 1053 374 877 1074 760 1770 32 32 1112 1363 115 694 0 -1 -1 -1 -1 -1 -1 -1 -1 -1 -1 -1 -1 -1 -1 -1 -1 -1 -1 -1 -1 -1 -1 -1 -1
1219.5,878 722 2063 551 1546 960 683 1462 1677 1587 738 1075 1306 1265 368 1733 862 1346 1857 473 455 1201 586 1906 846 1145 861 1587 817 1178 2052 1225 1081 0 -1 -1 -1 -1 -1 -1 -1 -1 -1 -1 -1 -1 -1 -1 -1 -1 -1 -1 -1 -1 -1 -1 -1 -1 -1 -1 -1 -1 -1 -1 -1 -1 -1 -1 -1 -1
1219.5,878 722 2063 1801 1917 506 763 0 -1 -1 -1 -1 -1 -1 -1 -1 -1 -1 -1 -1 -1 -1 -1 -1 -1 -1 -1 -1 -1 -1 -1 -1 -1 -1 -1 -1 -1 -1 -1 -1 -1 -1 -1 -1 -1 -1 -1 -1 -1 -1 -1 -1 -1 -1 -1 -1 -1 -1 -1 -1 -1 -1 -1 -1 -1 -1 -1 -1 -1 -1
1902.5,878 722 1857 234 368 1856 927 506 722 757 1012 1176 249 1200 1917 2020 965 567 1613 1045 814 1587 1949 72 480 1145 759 240 560 1969 1192 1300 1361 1077 35 486 1891 960 954 1191 231 1657 -1 -1 -1 -1 -1 -1 -1 -1 -1 -1 -1 -1 -1 -1 -1 -1 -1 -1 -1 -1 -1 -1 -1 -1 -1 -1 -1 -1
1320.0,878 722 1857 506 679 1313 615 506 2062 0 -1 -1 -1 -1 -1 -1 -1 -1 -1 -1 -1 -1 -1 -1 -1 -1 -1 -1 -1 -1 -1 -1 -1 -1 -1 -1 -1 -1 -1 -1 -1 -1 -1 -1 -1 -1 -1 -1 -1 -1 -1 -1 -1 -1 -1 -1 -1 -1 -1 -1 -1 -1 -1 -1 -1 -1 -1 -1 -1 -1
1320.0,878 1346 42 1959 998 755 368 506 1857 1801 1346 1657 862 1230 1239 1427 1685 1647 264 1443 1167 240 1200 0 -1 -1 -1 -1 -1 -1 -1 -1 -1 -1 -1 -1 -1 -1 -1 -1 -1 -1 -1 -1 -1 -1 -1 -1 -1 -1 -1 -1 -1 -1 -1 -1 -1 -1 -1 -1 -1 -1 -1 -1 -1 -1 -1 -1 -1 -1
1320.0,878 722 1857 1801 1300 1863 698 1764 851 506 817 1265 1306 234 368 1856 787 268 2061 1230 722 1427 1242 801 -1 -1 -1 -1 -1 -1 -1 -1 -1 -1 -1 -1 -1 -1 -1 -1 -1 -1 -1 -1 -1 -1 -1 -1 -1 -1 -1 -1 -1 -1 -1 -1 -1 -1 -1 -1 -1 -1 -1 -1 -1 -1 -1 -1 -1 -1
1320.0,878 757 1857 234 368 787 801 506 998 1863 35 1764 2061 922 1551 1313 1313 1535 834 412 1167 1953 817 722 1857 1443 1612 1336 518 0 -1 -1 -1 -1 -1 -1 -1 -1 -1 -1 -1 -1 -1 -1 -1 -1 -1 -1 -1 -1 -1 -1 -1 -1 -1 -1 -1 -1 -1 -1 -1 -1 -1 -1 -1 -1 -1 -1 -1 -1
1320.0,878 722 1857 1801 1300 1863 698 1764 851 770 368 2014 679 679 359 234 1219 1685 817 302 1588 1127 1197 1178 1768 328 998 421 2063 1909 35 1927 1648 51 992 503 862 481 136 8 933 509 333 0 -1 -1 -1 -1 -1 -1 -1 -1 -1 -1 -1 -1 -1 -1 -1 -1 -1 -1 -1 -1 -1 -1 -1 -1 -1 -1
1320.0,878 722 1857 1801 1917 1265 1664 647 1306 1265 368 1856 787 889 230 880 249 1873 722 1249 817 1346 1219 1230 1321 50 1915 679 359 2061 1746 1608 1167 1502 2067 1893 1967 0 -1 -1 -1 -1 -1 -1 -1 -1 -1 -1 -1 -1 -1 -1 -1 -1 -1 -1 -1 -1 -1 -1 -1 -1 -1 -1 -1 -1 -1 -1 -1 -1
1320.0,878 551 368 111 998 757 1857 560 118 117 481 1080 16 1191 1739 787 1917 334 1572 837 817 804 146 770 35 234 528 1230 885 722 361 1269 1887 1863 481 1764 289 328 1050 404 1349 860 1910 1230 1312 1992 8 1997 947 1801 262 1664 953 885 539 111 226 416 1978 0 -1 -1 -1 -1 -1 -1 -1 -1 -1 -1
1320.0,878 551 368 111 998 234 1910 1873 1857 2061 35 1725 1112 995 528 1176 722 1764 284 395 1675 1794 302 661 -1 -1 -1 -1 -1 -1 -1 -1 -1 -1 -1 -1 -1 -1 -1 -1 -1 -1 -1 -1 -1 -1 -1 -1 -1 -1 -1 -1 -1 -1 -1 -1 -1 -1 -1 -1 -1 -1 -1 -1 -1 -1 -1 -1 -1 -1
1320.0,878 551 368 111 998 1320 1910 922 1857 506 1411 1801 817 817 722 917 35 234 528 359 1205 1952 995 1646 1275 302 1645 537 1346 136 136 388 -1 -1 -1 -1 -1 -1 -1 -1 -1 -1 -1 -1 -1 -1 -1 -1 -1 -1 -1 -1 -1 -1 -1 -1 -1 -1 -1 -1 -1 -1 -1 -1 -1 -1 -1 -1 -1 -1
1538.5,878 757 1857 1801 1300 885 801 787 817 722 334 1863 698 1764 851 506 1306 1265 2061 922 332 1664 787 1856 1910 1873 302 817 146 960 722 481 388 388 1952 1265 2063 551 544 234 1875 0 -1 -1 -1 -1 -1 -1 -1 -1 -1 -1 -1 -1 -1 -1 -1 -1 -1 -1 -1 -1 -1 -1 -1 -1 -1 -1 -1 -1
1377.5,1664 1346 1201 722 1857 878 885 506 1614 647 1576 740 1256 817 817 812 129 1713 752 722 1490 2020 875 444 1432 757 998 1801 481 641 1199 4 481 381 936 1900 2063 1001 286 955 2049 800 754 364 421 1054 1442 0 -1 -1 -1 -1 -1 -1 -1 -1 -1 -1 -1 -1 -1 -1 -1 -1 -1 -1 -1 -1 -1 -1
1377.5,1857 1346 1927 757 591 1801 368 787 801 995 915 1872 1614 1265 242 242 817 117 998 506 892 1191 760 733 35 846 1805 1587 878 473 2049 1900 1535 381 738 1075 1597 722 201 1587 878 812 1725 851 452 1764 689 302 833 1432 1535 634 2061 0 -1 -1 -1 -1 -1 -1 -1 -1 -1 -1 -1 -1 -1 -1 -1 -1
1611.0,1664 1346 1857 1502 1576 1745 1201 995 1725 506 1614 783 757 1413 1036 1475 817 2020 998 1200 334 455 556 1247 1857 914 1427 350 878 506 1264 648 396 1435 1195 326 1924 947 549 33 1927 514 981 1152 392 1611 410 974 42 242 136 1053 1375 0 -1 -1 -1 -1 -1 -1 -1 -1 -1 -1 -1 -1 -1 -1 -1 -1
1519.5,878 722 1857 234 368 1856 927 1801 1300 1176 646 646 146 1952 1619 953 817 1053 1035 1834 998 2014 900 350 1945 641 1747 1909 1215 1215 556 163 992 960 481 388 42 302 661 1057 609 884 -1 -1 -1 -1 -1 -1 -1 -1 -1 -1 -1 -1 -1 -1 -1 -1 -1 -1 -1 -1 -1 -1 -1 -1 -1 -1 -1 -1
1542.5,878 995 368 1346 2052 1863 1411 506 722 1525 1910 81 1927 1045 999 757 1306 1801 817 117 308 787 787 1176 1081 1505 2047 1520 988 412 332 1646 249 62 1259 841 35 412 879 567 885 328 1725 656 1664 1176 238 139 302 1764 1713 129 1600 1930 118 817 697 1419 1264 755 862 953 2063 573 697 0 -1 -1 -1 -1
1590.5,878 722 2063 1801 1917 880 998 551 615 885 -1 -1 -1 -1 -1 -1 -1 -1 -1 -1 -1 -1 -1 -1 -1 -1 -1 -1 -1 -1 -1 -1 -1 -1 -1 -1 -1 -1 -1 -1 -1 -1 -1 -1 -1 -1 -1 -1 -1 -1 -1 -1 -1 -1 -1 -1 -1 -1 -1 -1 -1 -1 -1 -1 -1 -1 -1 -1 -1 -1
1463.0,878 722 1857 234 368 1856 927 1801 1300 1176 646 646 146 1952 1619 2014 709 2020 817 1053 998 111 1619 163 1035 1178 992 328 885 1765 1448 1997 915 1346 317 0 -1 -1 -1 -1 -1 -1 -1 -1 -1 -1 -1 -1 -1 -1 -1 -1 -1 -1 -1 -1 -1 -1 -1 -1 -1 -1 -1 -1 -1 -1 -1 -1 -1 -1
1544.0,878 757 1857 1801 1300 885 801 787 1306 506 334 722 817 1265 332 1863 698 1764 851 1873 2061 1664 787 952 2052 817 1910 412 1969 1992 8 1652 1692 49 146 117 246 1050 1834 246 368 1184 722 927 530 322 -1 -1 -1 -1 -1 -1 -1 -1 -1 -1 -1 -1 -1 -1 -1 -1 -1 -1 -1 -1 -1 -1 -1 -1
1510.0,878 722 2063 506 1546 960 998 817 1857 1392 368 1462 344 484 171 966 1036 2020 1657 234 1857 1176 35 284 284 0 -1 -1 -1 -1 -1 -1 -1 -1 -1 -1 -1 -1 -1 -1 -1 -1 -1 -1 -1 -1 -1 -1 -1 -1 -1 -1 -1 -1 -1 -1 -1 -1 -1 -1 -1 -1 -1 -1 -1 -1 -1 -1 -1 -1
1491.5,1664 722 1576 506 1239 647 1306 817 343 1801 1828 1200 1857 1154 1154 880 878 1199 1917 1863 817 1764 851 1904 369 1657 679 1419 368 432 1910 234 332 1952 1909 2036 751 432 2014 399 399 350 551 1230 528 1664 481 1658 1535 1502 2006 955 836 978 1411 1127 1127 1255 1280 114 926 404 456 696 798 80 396 1112 99 0
1502.5,1664 722 1576 1952 1725 1873 279 950 1857 1265 1201 234 1828 629 334 1801 230 1230 1036 579 817 817 1945 33 1909 592 368 1856 1856 1733 1081 302 1067 661 332 894 751 556 1393 914 1427 1427 1346 1657 1983 947 1239 1611 -1 -1 -1 -1 -1 -1 -1 -1 -1 -1 -1 -1 -1 -1 -1 -1 -1 -1 -1 -1 -1 -1
1393.5,878 1320 1857 922 368 506 998 234 1411 995 817 960 722 817 146 359 359 1472 777 1349 615 1427 1242 1801 620 1790 1402 0 -1 -1 -1 -1 -1 -1 -1 -1 -1 -1 -1 -1 -1 -1 -1 -1 -1 -1 -1 -1 -1 -1 -1 -1 -1 -1 -1 -1 -1 -1 -1 -1 -1 -1 -1 -1 -1 -1 -1 -1 -1 -1
1429.5,368 1346 862 995 1201 1801 2052 506 1614 783 900 1820 1648 740 1256 817 981 481 388 1959 308 659 1402 0 -1 -1 -1 -1 -1 -1 -1 -1 -1 -1 -1 -1 -1 -1 -1 -1 -1 -1 -1 -1 -1 -1 -1 -1 -1 -1 -1 -1 -1 -1 -1 -1 -1 -1 -1 -1 -1 -1 -1 -1 -1 -1 -1 -1 -1 -1
1442.5,878 1346 42 1959 998 568 1036 953 1857 1888 817 1320 1300 231 9 1176 390 1953 1739 995 368 960 1614 1952 35 0 -1 -1 -1 -1 -1 -1 -1 -1 -1 -1 -1 -1 -1 -1 -1 -1 -1 -1 -1 -1 -1 -1 -1 -1 -1 -1 -1 -1 -1 -1 -1 -1 -1 -1 -1 -1 -1 -1 -1 -1 -1 -1 -1 -1
1506.5,878 722 1857 1801 1917 1265 1306 1863 368 268 455 395 817 817 1857 234 1850 1108 1798 1856 1807 1392 455 1745 -1 -1 -1 -1 -1 -1 -1 -1 -1 -1 -1 -1 -1 -1 -1 -1 -1 -1 -1 -1 -1 -1 -1 -1 -1 -1 -1 -1 -1 -1 -1 -1 -1 -1 -1 -1 -1 -1 -1 -1 -1 -1 -1 -1 -1 -1
1533.5,878 995 368 757 1346 722 1614 234 998 1176 1411 1863 2061 1873 1479 1320 817 506 1945 770 1910 75 1967 1992 8 953 1846 510 1630 1845 1420 1646 288 506 1036 960 1411 1053 853 2014 921 890 2049 246 322 62 351 378 1050 953 1766 0 -1 -1 -1 -1 -1 -1 -1 -1 -1 -1 -1 -1 -1 -1 -1 -1 -1 -1
1523.0,878 757 1857 1801 1300 412 817 1863 646 1756 368 787 801 412 998 551 481 755 862 722 900 111 1857 328 1614 817 1619 136 242 302 2052 1764 2061 1664 1873 922 752 1432 1432 1065 1310 421 4 1275 1857 1042 332 1505 615 862 1051 1560 1945 2014 2052 308 1857 0 -1 -1 -1 -1 -1 -1 -1 -1 -1 -1 -1 -1
1506.5,878 722 1857 506 679 234 1857 1313 998 1154 214 960 35 817 528 1801 1411 1392 1053 1230 1945 812 1707 1657 679 359 1909 551 1798 1612 1112 1265 1002 846 465 1888 742 657 366 1195 1684 350 752 571 544 302 975 834 1127 603 337 1127 -1 -1 -1 -1 -1 -1 -1 -1 -1 -1 -1 -1 -1 -1 -1 -1 -1 -1
1610.0,1857 1346 1927 757 591 1801 368 995 817 960 988 1520 1614 506 1112 740 738 1235 1950 817 1576 1200 998 110 398 1425 1758 1801 1420 381 1887 281 1657 885 374 1952 896 1205 333 186 -1 -1 -1 -1 -1 -1 -1 -1 -1 -1 -1 -1 -1 -1 -1 -1 -1 -1 -1 -1 -1 -1 -1 -1 -1 -1 -1 -1 -1 -1
1518.5,878 757 1857 1801 1300 1863 646 1872 368 787 801 995 817 1346 42 242 998 328 1857 573 146 960 777 1349 615 755 992 817 1747 922 1657 679 1419 289 2063 1080 361 804 288 4 1927 1888 626 368 600 0 -1 -1 -1 -1 -1 -1 -1 -1 -1 -1 -1 -1 -1 -1 -1 -1 -1 -1 -1 -1 -1 -1 -1 -1
1448.0,878 722 1857 506 1917 1313 334 1692 679 701 701 960 817 817 998 1392 862 1320 481 49 394 783 1557 8 1264 1413 697 1191 476 922 965 1801 -1 -1 -1 -1 -1 -1 -1 -1 -1 -1 -1 -1 -1 -1 -1 -1 -1 -1 -1 -1 -1 -1 -1 -1 -1 -1 -1 -1 -1 -1 -1 -1 -1 -1 -1 -1 -1 -1
1459.0,878 757 1857 1801 1300 995 817 579 1264 551 998 111 646 1872 334 817 35 1346 42 242 1520 412 35 368 146 214 777 1349 171 907 499 1238 1754 49 1657 880 1792 1109 1264 1727 1945 696 1393 101 947 1233 -1 -1 -1 -1 -1 -1 -1 -1 -1 -1 -1 -1 -1 -1 -1 -1 -1 -1 -1 -1 -1 -1 -1 -1
1497.5,878 722 1857 1801 1917 770 368 1856 801 801 927 506 722 2020 817 1525 998 234 1219 1050 598 960 774 880 1018 113 2029 1953 936 0 -1 -1 -1 -1 -1 -1 -1 -1 -1 -1 -1 -1 -1 -1 -1 -1 -1 -1 -1 -1 -1 -1 -1 -1 -1 -1 -1 -1 -1 -1 -1 -1 -1 -1 -1 -1 -1 -1 -1 -1
1552.5,878 722 1857 1801 1917 1265 1306 234 368 1733 817 506 2061 1873 1264 817 1945 770 1361 1176 1183 1392 1346 328 35 846 206 573 1927 75 -1 -1 -1 -1 -1 -1 -1 -1 -1 -1 -1 -1 -1 -1 -1 -1 -1 -1 -1 -1 -1 -1 -1 -1 -1 -1 -1 -1 -1 -1 -1 -1 -1 -1 -1 -1 -1 -1 -1 -1
1531.0,878 757 1857 234 1167 1801 817 506 1264 722 1306 1863 83 770 368 787 787 1856 801 960 998 817 836 1127 1588 1392 862 436 1685 381 -1 -1 -1 -1 -1 -1 -1 -1 -1 -1 -1 -1 -1 -1 -1 -1 -1 -1 -1 -1 -1 -1 -1 -1 -1 -1 -1 -1 -1 -1 -1 -1 -1 -1 -1 -1 -1 -1 -1 -1
1553.5,878 1320 368 922 1411 995 361 328 817 573 1614 960 583 817 1910 1873 722 1801 1725 1952 530 2049 302 556 146 421 1087 1087 308 1946 1909 0 -1 -1 -1 -1 -1 -1 -1 -1 -1 -1 -1 -1 -1 -1 -1 -1 -1 -1 -1 -1 -1 -1 -1 -1 -1 -1 -1 -1 -1 -1 -1 -1 -1 -1 -1 -1 -1 -1
1522.0,878 757 1857 995 1306 1801 368 787 787 1346 42 42 998 506 1300 1462 1162 812 1657 484 171 1505 285 1863 915 1872 698 560 308 1200 1462 117 817 1745 1883 1692 1685 640 413 1443 598 1178 862 643 1443 1673 -1 -1 -1 -1 -1 -1 -1 -1 -1 -1 -1 -1 -1 -1 -1 -1 -1 -1 -1 -1 -1 -1 -1 -1
1510.5,878 757 1857 1801 1300 551 646 1872 1306 49 368 787 927 506 146 111 722 848 1945 395 1850 1850 995 817 813 908 947 1141 1361 741 455 560 374 1941 448 558 374 522 -1 -1 -1 -1 -1 -1 -1 -1 -1 -1 -1 -1 -1 -1 -1 -1 -1 -1 -1 -1 -1 -1 -1 -1 -1 -1 -1 -1 -1 -1 -1 -1
1560.5,878 1346 42 506 368 136 1857 551 1614 506 998 111 1411 817 817 1320 308 922 366 1427 719 927 350 1484 -1 -1 -1 -1 -1 -1 -1 -1 -1 -1 -1 -1 -1 -1 -1 -1 -1 -1 -1 -1 -1 -1 -1 -1 -1 -1 -1 -1 -1 -1 -1 -1 -1 -1 -1 -1 -1 -1 -1 -1 -1 -1 -1 -1 -1 -1
1439.0,878 722 1857 1801 1917 234 368 812 129 1713 359 395 1219 1366 1850 1108 722 1346 998 1646 1420 1863 599 1685 1219 1050 1775 1873 1223 1231 1095 444 817 416 879 1646 1747 368 1138 334 2021 1473 1558 1904 1927 381 1662 1124 1193 1906 1208 0 -1 -1 -1 -1 -1 -1 -1 -1 -1 -1 -1 -1 -1 -1 -1 -1 -1 -1
1470.0,878 1346 42 1959 998 568 1036 2036 1857 1745 556 641 661 1057 1230 2016 615 1912 1543 1801 368 995 1306 1053 817 1022 862 506 1848 783 1685 32 1927 451 591 253 288 2014 361 350 1910 848 399 1375 288 2009 1751 722 1346 328 1484 136 388 2044 1614 448 506 2004 1301 1863 757 696 1502 1320 374 2022 -1 -1 -1 -1
1466.5,878 757 1857 1801 368 787 801 995 998 579 1927 551 591 111 1081 817 817 1863 1910 1764 332 922 35 1346 42 42 938 801 801 952 927 836 1068 117 136 388 388 571 591 1375 465 465 1394 117 1945 448 1393 1355 1027 398 366 374 2018 1503 894 178 158 1868 814 1145 1440 697 1735 974 1614 1136 -1 -1 -1 -1
1426.0,878 722 1857 1801 1917 1265 1306 770 368 1856 787 889 998 234 817 506 249 817 1346 907 171 877 344 701 1160 1392 862 1186 28 1313 1685 72 1747 1230 1657 1745 1945 880 848 1195 1215 1946 992 1392 2031 1557 614 506 1927 558 1617 1998 456 1560 1295 117 2049 1161 1846 804 456 657 1846 1502 456 242 1846 1888 456 0
1474.5,878 1320 368 506 1411 922 615 995 1306 1346 722 1472 35 1863 1910 757 1857 1764 817 1614 369 1801 1725 1873 302 1588 1127 1269 455 770 1675 1331 516 2020 2063 767 599 1953 1736 778 1692 641 1836 1685 1949 1050 1348 1794 163 725 2052 421 351 79 2009 1836 118 2014 1927 51 1617 1811 1945 507 1924 1065 1617 372 -1 -1
1454.5,878 551 368 111 998 995 1910 328 1857 817 1411 625 817 801 801 1097 332 1346 722 1733 1834 757 366 836 1127 1588 1896 1952 350 1205 2015 2015 347 955 1846 1216 959 0 -1 -1 -1 -1 -1 -1 -1 -1 -1 -1 -1 -1 -1 -1 -1 -1 -1 -1 -1 -1 -1 -1 -1 -1 -1 -1 -1 -1 -1 -1 -1 -1
1464.5,878 757 1857 234 1167 1176 1675 639 1614 722 998 1549 334 960 817 817 35 412 1945 2056 1725 917 499 302 1588 1255 481 1045 1664 1406 671 1349 55 818 1264 421 1520 988 368 878 1657 510 1895 398 332 448 848 896 823 1201 896 787 1669 2049 615 1027 1983 256 927 1322 1751 336 1393 1459 -1 -1 -1 -1 -1 -1
1529.5,878 722 1857 880 998 234 481 1045 368 1502 998 1856 801 880 35 960 1411 2036 697 1230 1896 2063 752 1176 1053 1619 1249 146 836 8 1721 1191 1484 1695 1707 938 2059 907 722 741 1219 1845 1509 2047 1917 501 575 1723 316 1145 288 506 -1 -1 -1 -1 -1 -1 -1 -1 -1 -1 -1 -1 -1 -1 -1 -1 -1 -1
1498.0,878 1346 42 506 998 136 1857 1154 171 995 1917 1265 499 2014 817 1909 1657 350 368 783 752 719 1665 366 516 953 1090 722 359 1945 1927 1092 549 1172 -1 -1 -1 -1 -1 -1 -1 -1 -1 -1 -1 -1 -1 -1 -1 -1 -1 -1 -1 -1 -1 -1 -1 -1 -1 -1 -1 -1 -1 -1 -1 -1 -1 -1 -1 -1
1518.0,878 757 1857 234 1167 1176 1675 1794 1614 1801 998 506 368 787 801 801 927 722 1416 960 35 817 752 571 817 412 1112 1888 -1 -1 -1 -1 -1 -1 -1 -1 -1 -1 -1 -1 -1 -1 -1 -1 -1 -1 -1 -1 -1 -1 -1 -1 -1 -1 -1 -1 -1 -1 -1 -1 -1 -1 -1 -1 -1 -1 -1 -1 -1 -1
1490.0,878 757 1857 1801 1300 234 817 1176 1264 506 334 995 1306 960 230 817 807 1863 698 1764 369 1664 1312 171 171 281 499 413 422 412 368 787 787 281 285 770 1945 1346 722 155 530 1900 510 1997 734 1001 639 1794 556 955 1983 111 292 0 -1 -1 -1 -1 -1 -1 -1 -1 -1 -1 -1 -1 -1 -1 -1 -1
1457.5,878 722 368 1801 359 679 862 234 1239 359 738 1075 998 1176 1053 1502 1857 778 679 395 1348 1869 2061 1952 1664 647 968 1131 361 1538 460 1740 405 270 450 1131 797 1869 768 1642 1306 494 1917 1138 129 1392 1264 1138 1633 848 1846 901 1234 807 452 757 636 1585 1495 1320 614 0 -1 -1 -1 -1 -1 -1 -1 -1
1457.0,878 722 1857 1265 1917 880 998 1502 817 960 368 1856 801 770 35 234 1910 2036 332 350 697 366 722 1945 302 2063 1895 153 1711 223 995 1713 1713 757 836 129 1721 1178 542 1867 1484 506 1924 1845 332 481 897 778 1836 381 1018 1869 1420 2045 612 0 -1 -1 -1 -1 -1 -1 -1 -1 -1 -1 -1 -1 -1 -1
1828.0,878 234 368 506 998 551 1910 111 1857 1801 1945 1346 722 510 361 1275 1909 1769 1769 111 1300 817 817 1863 646 1872 615 1873 35 49 528 1184 1751 995 1904 2061 2047 656 1112 381 1275 1363 694 1652 2061 1997 1249 1520 455 714 988 1933 1617 1456 1031 1422 882 302 530 1836 516 1145 1561 0 -1 -1 -1 -1 -1 -1
1587.5,1857 1346 1927 757 591 1801 368 1614 1112 1952 1950 740 878 1646 817 722 359 1205 738 1075 679 812 480 960 1929 884 1725 416 201 885 621 894 42 836 456 1505 1255 1906 998 421 18 444 234 381 374 0 -1 -1 -1 -1 -1 -1 -1 -1 -1 -1 -1 -1 -1 -1 -1 -1 -1 -1 -1 -1 -1 -1 -1 -1
1841.5,878 722 1857 1801 1300 1265 1306 234 368 1856 787 889 998 1176 817 907 171 1863 646 646 722 359 679 1612 1834 328 1264 817 915 915 1275 551 1249 1952 584 13 1534 1836 1077 1001 436 328 1045 1792 1346 1983 609 1998 1542 1145 148 404 1536 1001 1264 1735 870 0 -1 -1 -1 -1 -1 -1 -1 -1 -1 -1 -1 -1
1395.5,878 722 1857 880 998 1265 481 395 734 1900 334 234 1850 1230 1945 812 1036 240 817 1053 556 243 1848 1022 836 1863 1306 268 1664 1723 2061 240 1873 233 499 503 35 350 1764 366 795 785 834 69 356 76 1277 1270 1789 0 -1 -1 -1 -1 -1 -1 -1 -1 -1 -1 -1 -1 -1 -1 -1 -1 -1 -1 -1 -1
1472.5,878 234 368 551 998 111 1910 506 1857 817 1411 1230 35 1346 722 1472 1945 1427 1242 1502 1053 1952 995 1723 1909 755 302 0 -1 -1 -1 -1 -1 -1 -1 -1 -1 -1 -1 -1 -1 -1 -1 -1 -1 -1 -1 -1 -1 -1 -1 -1 -1 -1 -1 -1 -1 -1 -1 -1 -1 -1 -1 -1 -1 -1 -1 -1 -1 -1
1503.0,878 757 1857 1801 1300 995 817 579 1264 1863 83 551 334 111 35 1320 528 922 2061 741 1110 111 1275 817 1645 865 366 302 722 1525 998 98 361 1427 719 481 1614 1646 1356 341 -1 -1 -1 -1 -1 -1 -1 -1 -1 -1 -1 -1 -1 -1 -1 -1 -1 -1 -1 -1 -1 -1 -1 -1 -1 -1 -1 -1 -1 -1
1515.0,878 722 1857 1801 1300 1265 1306 234 368 1856 787 889 998 484 171 1176 817 506 146 770 1619 2014 900 2020 1264 1053 499 1863 646 646 1346 1176 249 1320 2061 1313 885 302 1356 880 1873 2047 4 1764 1671 1910 8 2067 1801 646 1217 1904 568 1022 2054 1551 499 1611 332 1560 1614 1670 1924 541 549 318 -1 -1 -1 -1
1503.0,878 995 368 1346 2052 757 42 1959 999 787 1917 1045 817 783 1081 722 1264 328 679 817 927 1392 516 412 126 955 1736 0 -1 -1 -1 -1 -1 -1 -1 -1 -1 -1 -1 -1 -1 -1 -1 -1 -1 -1 -1 -1 -1 -1 -1 -1 -1 -1 -1 -1 -1 -1 -1 -1 -1 -1 -1 -1 -1 -1 -1 -1 -1 -1
1456.5,878 722 334 506 1910 1992 8 1801 1857 234 1306 960 230 817 368 1346 1411 473 1313 1392 817 1313 1535 783 646 8 1132 179 1983 1320 1747 1888 4 922 1756 646 1657 922 351 1239 359 1392 1394 49 456 1952 995 1917 11 0 -1 -1 -1 -1 -1 -1 -1 -1 -1 -1 -1 -1 -1 -1 -1 -1 -1 -1 -1 -1
1437.5,878 722 1857 1801 1300 234 368 1856 801 1176 646 646 998 506 915 1872 146 960 1775 817 1053 770 246 246 4 953 1910 1005 722 960 1909 262 1684 754 1756 1136 1707 1419 1534 365 4 146 912 1533 481 714 1834 571 188 1068 998 1392 1147 1268 1543 259 1264 118 751 779 1978 0 -1 -1 -1 -1 -1 -1 -1 -1
1441.5,878 722 1857 506 679 234 1857 1313 998 1154 214 960 1411 817 35 1230 528 1801 1053 1911 1945 812 1707 953 1909 1657 679 1239 1910 356 1112 1963 694 0 -1 -1 -1 -1 -1 -1 -1 -1 -1 -1 -1 -1 -1 -1 -1 -1 -1 -1 -1 -1 -1 -1 -1 -1 -1 -1 -1 -1 -1 -1 -1 -1 -1 -1 -1 -1
1894.0,878 757 1857 995 1306 1801 368 801 787 787 -1 -1 -1 -1 -1 -1 -1 -1 -1 -1 -1 -1 -1 -1 -1 -1 -1 -1 -1 -1 -1 -1 -1 -1 -1 -1 -1 -1 -1 -1 -1 -1 -1 -1 -1 -1 -1 -1 -1 -1 -1 -1 -1 -1 -1 -1 -1 -1 -1 -1 -1 -1 -1 -1 -1 -1 -1 -1 -1 -1
1430.0,878 551 368 111 998 995 1910 328 1857 817 35 1502 528 1346 722 836 1909 464 465 240 1053 1723 366 1969 1256 740 2014 1764 350 1873 2015 802 2023 1664 892 1612 1339 922 2047 2056 628 186 2052 728 666 404 362 887 620 1001 1689 1191 1223 1587 1373 0 -1 -1 -1 -1 -1 -1 -1 -1 -1 -1 -1 -1 -1 -1
1387.0,878 722 1857 1801 1917 506 455 1346 42 885 234 812 443 1534 129 1600 1600 1713 817 1053 998 1265 334 350 697 848 146 878 1896 783 1910 890 1313 226 1205 1332 599 1022 879 1080 1868 464 -1 -1 -1 -1 -1 -1 -1 -1 -1 -1 -1 -1 -1 -1 -1 -1 -1 -1 -1 -1 -1 -1 -1 -1 -1 -1 -1 -1
1480.5,878 995 368 1346 2052 506 722 1472 1910 757 1306 1801 999 117 1081 787 787 889 118 190 193 817 1411 1646 547 1845 817 1045 302 1320 1249 1588 1057 324 2063 1948 1402 0 -1 -1 -1 -1 -1 -1 -1 -1 -1 -1 -1 -1 -1 -1 -1 -1 -1 -1 -1 -1 -1 -1 -1 -1 -1 -1 -1 -1 -1 -1 -1 -1
1428.5,878 722 1857 1801 1300 579 998 1863 698 1764 851 770 368 1856 481 573 801 801 927 1502 1723 281 1839 1603 817 757 1612 2020 1910 234 2061 1664 118 1873 722 359 1205 679 1394 1952 862 381 1207 714 1239 1205 1836 755 1792 908 1546 1419 1340 1533 1018 0 -1 -1 -1 -1 -1 -1 -1 -1 -1 -1 -1 -1 -1 -1
1435.5,878 722 1857 1801 1300 1265 1306 1863 698 1764 369 234 368 1856 787 889 998 1230 817 506 1264 817 1983 1427 719 510 722 947 1402 0 -1 -1 -1 -1 -1 -1 -1 -1 -1 -1 -1 -1 -1 -1 -1 -1 -1 -1 -1 -1 -1 -1 -1 -1 -1 -1 -1 -1 -1 -1 -1 -1 -1 -1 -1 -1 -1 -1 -1 -1
1466.0,878 722 1857 1801 1300 1863 698 960 1306 1764 369 506 817 817 368 1346 359 848 42 1790 1945 914 719 506 332 75 751 136 1775 1911 1983 551 1393 0 -1 -1 -1 -1 -1 -1 -1 -1 -1 -1 -1 -1 -1 -1 -1 -1 -1 -1 -1 -1 -1 -1 -1 -1 -1 -1 -1 -1 -1 -1 -1 -1 -1 -1 -1 -1
1901.0,878 722 1857 506 679 234 1857 1313 998 1154 214 960 35 817 528 1911 1053 812 1707 1801 366 1657 679 359 759 973 1411 1320 1614 757 752 1863 -1 -1 -1 -1 -1 -1 -1 -1 -1 -1 -1 -1 -1 -1 -1 -1 -1 -1 -1 -1 -1 -1 -1 -1 -1 -1 -1 -1 -1 -1 -1 -1 -1 -1 -1 -1 -1 -1
1893.5,878 722 1857 1801 1300 1863 698 506 817 234 1306 1230 334 960 1945 33 1264 817 230 1764 369 1664 807 770 1312 1247 35 1897 528 171 171 455 556 1313 473 1087 -1 -1 -1 -1 -1 -1 -1 -1 -1 -1 -1 -1 -1 -1 -1 -1 -1 -1 -1 -1 -1 -1 -1 -1 -1 -1 -1 -1 -1 -1 -1 -1 -1 -1
1556.0,878 1346 42 1959 -1 -1 -1 -1 -1 -1 -1 -1 -1 -1 -1 -1 -1 -1 -1 -1 -1 -1 -1 -1 -1 -1 -1 -1 -1 -1 -1 -1 -1 -1 -1 -1 -1 -1 -1 -1 -1 -1 -1 -1 -1 -1 -1 -1 -1 -1 -1 -1 -1 -1 -1 -1 -1 -1 -1 -1 -1 -1 -1 -1 -1 -1 -1 -1 -1 -1
1490.5,878 722 1857 1801 368 1856 801 880 915 1756 998 1265 1917 880 817 328 35 234 481 1080 390 0 -1 -1 -1 -1 -1 -1 -1 -1 -1 -1 -1 -1 -1 -1 -1 -1 -1 -1 -1 -1 -1 -1 -1 -1 -1 -1 -1 -1 -1 -1 -1 -1 -1 -1 -1 -1 -1 -1 -1 -1 -1 -1 -1 -1 -1 -1 -1 -1
1854.5,1614 722 1927 302 591 506 998 1801 1201 1265 1725 1873 1479 234 499 0 -1 -1 -1 -1 -1 -1 -1 -1 -1 -1 -1 -1 -1 -1 -1 -1 -1 -1 -1 -1 -1 -1 -1 -1 -1 -1 -1 -1 -1 -1 -1 -1 -1 -1 -1 -1 -1 -1 -1 -1 -1 -1 -1 -1 -1 -1 -1 -1 -1 -1 -1 -1 -1 -1
1405.0,878 1346 42 1959 998 560 368 506 1857 1230 1945 33 1909 1247 1657 1801 1202 2015 591 1053 1346 136 388 2044 1959 657 35 995 1983 560 1053 1646 148 0 -1 -1 -1 -1 -1 -1 -1 -1 -1 -1 -1 -1 -1 -1 -1 -1 -1 -1 -1 -1 -1 -1 -1 -1 -1 -1 -1 -1 -1 -1 -1 -1 -1 -1 -1 -1
1309.0,1614 1346 242 506 1857 136 878 1723 368 995 998 1801 1300 1176 817 1863 1411 1462 1725 907 171 817 308 328 722 573 366 1300 1614 1256 1256 701 1160 288 8 0 -1 -1 -1 -1 -1 -1 -1 -1 -1 -1 -1 -1 -1 -1 -1 -1 -1 -1 -1 -1 -1 -1 -1 -1 -1 -1 -1 -1 -1 -1 -1 -1 -1 -1
1546.5,368 1346 862 1801 1857 1745 1201 995 1306 783 900 506 230 1200 1313 473 2052 817 1725 1392 1614 722 1346 877 1664 701 1256 770 -1 -1 -1 -1 -1 -1 -1 -1 -1 -1 -1 -1 -1 -1 -1 -1 -1 -1 -1 -1 -1 -1 -1 -1 -1 -1 -1 -1 -1 -1 -1 -1 -1 -1 -1 -1 -1 -1 -1 -1 -1 -1
1857.5,878 722 1857 1801 1300 1265 1306 506 368 1856 787 889 230 817 817 1863 1411 234 308 551 1725 624 1945 1733 1081 0 -1 -1 -1 -1 -1 -1 -1 -1 -1 -1 -1 -1 -1 -1 -1 -1 -1 -1 -1 -1 -1 -1 -1 -1 -1 -1 -1 -1 -1 -1 -1 -1 -1 -1 -1 -1 -1 -1 -1 -1 -1 -1 -1 -1
1381.0,878 1346 42 506 1857 136 368 1230 1945 33 1909 1247 1657 755 366 770 1202 909 1411 755 697 1801 1614 991 -1 -1 -1 -1 -1 -1 -1 -1 -1 -1 -1 -1 -1 -1 -1 -1 -1 -1 -1 -1 -1 -1 -1 -1 -1 -1 -1 -1 -1 -1 -1 -1 -1 -1 -1 -1 -1 -1 -1 -1 -1 -1 -1 -1 -1 -1
1393.5,878 757 981 234 1857 551 998 111 1927 1230 591 240 334 1657 1264 506 549 953 1924 817 1945 914 1427 1427 1242 378 361 848 288 1327 549 350 981 938 1112 1425 -1 -1 -1 -1 -1 -1 -1 -1 -1 -1 -1 -1 -1 -1 -1 -1 -1 -1 -1 -1 -1 -1 -1 -1 -1 -1 -1 -1 -1 -1 -1 -1 -1 -1
1390.0,878 757 981 234 1857 1801 998 506 1927 722 591 960 1264 817 549 812 1924 436 334 1608 75 378 455 1834 262 1436 1945 506 1617 770 1857 240 481 1911 2052 1723 1969 136 42 885 72 416 35 762 5 1320 2061 1355 836 2044 366 194 1909 571 2014 212 212 206 1900 1961 2010 2004 1105 1952 2024 186 859 0 -1 -1
1369.5,878 722 1857 1801 1300 506 817 234 368 1856 801 1176 646 646 998 1535 1264 1346 752 1265 332 952 927 817 1432 473 759 973 146 614 246 1900 1313 302 1312 456 351 0 -1 -1 -1 -1 -1 -1 -1 -1 -1 -1 -1 -1 -1 -1 -1 -1 -1 -1 -1 -1 -1 -1 -1 -1 -1 -1 -1 -1 -1 -1 -1 -1
1774.0,878 722 1857 234 368 770 1917 880 359 359 998 1502 35 960 817 1230 481 242 1959 1801 146 212 227 395 992 381 -1 -1 -1 -1 -1 -1 -1 -1 -1 -1 -1 -1 -1 -1 -1 -1 -1 -1 -1 -1 -1 -1 -1 -1 -1 -1 -1 -1 -1 -1 -1 -1 -1 -1 -1 -1 -1 -1 -1 -1 -1 -1 -1 -1
1773.5,878 757 1857 551 368 111 1346 234 1614 506 998 817 1411 1230 817 1475 1945 33 1909 1436 1215 1195 862 1657 1239 1239 1036 995 1983 1427 1242 1307 585 528 1910 907 171 1998 302 42 1952 473 2011 350 2026 1068 1419 359 1002 802 992 1836 1495 1227 1010 2049 2049 2049 1186 0 -1 -1 -1 -1 -1 -1 -1 -1 -1 -1
1417.0,878 757 752 234 -1 -1 -1 -1 -1 -1 -1 -1 -1 -1 -1 -1 -1 -1 -1 -1 -1 -1 -1 -1 -1 -1 -1 -1 -1 -1 -1 -1 -1 -1 -1 -1 -1 -1 -1 -1 -1 -1 -1 -1 -1 -1 -1 -1 -1 -1 -1 -1 -1 -1 -1 -1 -1 -1 -1 -1 -1 -1 -1 -1 -1 -1 -1 -1 -1 -1
1757.0,878 722 2063 1801 1917 551 697 395 368 889 1306 624 1850 947 539 1953 111 1658 361 659 468 328 721 0 -1 -1 -1 -1 -1 -1 -1 -1 -1 -1 -1 -1 -1 -1 -1 -1 -1 -1 -1 -1 -1 -1 -1 -1 -1 -1 -1 -1 -1 -1 -1 -1 -1 -1 -1 -1 -1 -1 -1 -1 -1 -1 -1 -1 -1 -1
1811.5,878 1346 42 1959 998 1045 368 1502 1857 770 1917 995 817 328 1264 573 1346 242 136 783 615 817 1375 1320 848 922 129 1713 1421 860 773 1427 620 947 -1 -1 -1 -1 -1 -1 -1 -1 -1 -1 -1 -1 -1 -1 -1 -1 -1 -1 -1 -1 -1 -1 -1 -1 -1 -1 -1 -1 -1 -1 -1 -1 -1 -1 -1 -1
1819.5,878 757 1857 234 368 787 801 506 998 1863 35 722 1081 812 752 960 528 1764 1909 1475 1053 1723 2014 1472 1910 1230 1036 1969 1256 1950 1232 1848 302 694 1363 645 481 1535 1952 1900 734 936 -1 -1 -1 -1 -1 -1 -1 -1 -1 -1 -1 -1 -1 -1 -1 -1 -1 -1 -1 -1 -1 -1 -1 -1 -1 -1 -1 -1
1814.5,878 757 1857 1801 1300 1863 646 1872 1306 506 722 848 817 412 368 787 787 995 998 551 1945 395 146 836 1200 960 1669 246 246 817 1909 1409 528 234 544 917 455 936 530 1346 1875 0 -1 -1 -1 -1 -1 -1 -1 -1 -1 -1 -1 -1 -1 -1 -1 -1 -1 -1 -1 -1 -1 -1 -1 -1 -1 -1 -1 -1
1831.0,878 722 1857 1801 1300 1462 1306 960 368 1856 787 1346 42 1959 998 1462 817 907 1467 1756 171 1230 598 1178 1915 0 -1 -1 -1 -1 -1 -1 -1 -1 -1 -1 -1 -1 -1 -1 -1 -1 -1 -1 -1 -1 -1 -1 -1 -1 -1 -1 -1 -1 -1 -1 -1 -1 -1 -1 -1 -1 -1 -1 -1 -1 -1 -1 -1 -1
1701.0,878 757 1857 234 368 787 801 506 998 1863 35 722 1081 1801 752 960 528 817 1053 1764 1909 1664 481 136 1959 412 366 812 1983 789 2014 1873 350 2061 2047 988 551 1614 674 316 615 1306 585 1725 1112 1963 1275 480 1368 1621 1608 885 896 1856 751 1336 562 1112 1318 955 694 334 754 1045 592 1963 664 0 -1 -1
1458.0,878 757 2063 1801 1917 995 1910 506 1946 1313 -1 -1 -1 -1 -1 -1 -1 -1 -1 -1 -1 -1 -1 -1 -1 -1 -1 -1 -1 -1 -1 -1 -1 -1 -1 -1 -1 -1 -1 -1 -1 -1 -1 -1 -1 -1 -1 -1 -1 -1 -1 -1 -1 -1 -1 -1 -1 -1 -1 -1 -1 -1 -1 -1 -1 -1 -1 -1 -1 -1
1449.5,878 1346 1857 473 455 506 1917 995 615 960 368 1457 1259 817 697 1502 817 1475 998 1764 851 922 2061 1177 1434 281 620 1863 1377 770 734 936 1857 481 1850 1108 286 0 -1 -1 -1 -1 -1 -1 -1 -1 -1 -1 -1 -1 -1 -1 -1 -1 -1 -1 -1 -1 -1 -1 -1 -1 -1 -1 -1 -1 -1 -1 -1 -1
1458.0,878 722 1857 1801 1300 1265 1306 234 368 1856 787 889 118 190 1704 1176 817 506 722 359 359 481 646 646 249 817 992 2020 1200 571 1312 1863 836 641 1312 551 455 1419 1747 1368 697 350 2044 388 1200 1535 28 1005 934 1937 2031 1001 1505 1604 -1 -1 -1 -1 -1 -1 -1 -1 -1 -1 -1 -1 -1 -1 -1 -1
1445.5,878 1346 1857 473 455 1745 1917 995 817 1368 -1 -1 -1 -1 -1 -1 -1 -1 -1 -1 -1 -1 -1 -1 -1 -1 -1 -1 -1 -1 -1 -1 -1 -1 -1 -1 -1 -1 -1 -1 -1 -1 -1 -1 -1 -1 -1 -1 -1 -1 -1 -1 -1 -1 -1 -1 -1 -1 -1 -1 -1 -1 -1 -1 -1 -1 -1 -1 -1 -1
1814.5,878 722 1857 234 368 1856 927 1176 1917 1801 1612 880 146 2036 556 812 1202 388 42 885 1090 1483 392 762 998 1952 35 551 5 111 1202 2015 1264 1053 938 395 1411 848 1945 449 213 0 -1 -1 -1 -1 -1 -1 -1 -1 -1 -1 -1 -1 -1 -1 -1 -1 -1 -1 -1 -1 -1 -1 -1 -1 -1 -1 -1 -1
1840.0,878 1346 42 1959 998 1045 368 1502 1857 1230 1945 33 1909 1247 1657 755 1917 995 366 770 1202 802 615 1178 1200 927 862 1080 201 1906 1669 322 129 960 1461 639 -1 -1 -1 -1 -1 -1 -1 -1 -1 -1 -1 -1 -1 -1 -1 -1 -1 -1 -1 -1 -1 -1 -1 -1 -1 -1 -1 -1 -1 -1 -1 -1 -1 -1
1366.0,878 995 368 757 1346 42 42 506 998 234 1857 1230 1945 1427 1242 1475 146 1657 1896 770 862 510 1868 1769 2067 2020 1053 2014 1167 1953 1868 1863 698 1764 9 1551 284 696 249 1013 392 1336 2059 111 567 412 471 5 5 915 1254 1178 1759 1756 763 0 -1 -1 -1 -1 -1 -1 -1 -1 -1 -1 -1 -1 -1 -1
1506.0,1361 722 878 506 334 1346 146 960 1857 1801 42 1959 1036 182 118 356 817 817 1969 812 1790 679 679 1621 1112 560 1554 0 -1 -1 -1 -1 -1 -1 -1 -1 -1 -1 -1 -1 -1 -1 -1 -1 -1 -1 -1 -1 -1 -1 -1 -1 -1 -1 -1 -1 -1 -1 -1 -1 -1 -1 -1 -1 -1 -1 -1 -1 -1 -1
1454.5,878 995 368 1502 1614 551 998 111 1910 328 1857 817 1036 1346 242 42 722 1745 817 1765 1945 1952 530 322 1027 240 1909 742 2014 163 366 1692 1657 679 359 836 350 571 2015 2015 1523 368 853 214 620 2020 861 894 897 242 1689 186 171 1424 1617 728 -1 -1 -1 -1 -1 -1 -1 -1 -1 -1 -1 -1 -1 -1
1459.5,878 722 1857 506 679 2020 615 234 368 359 359 1419 -1 -1 -1 -1 -1 -1 -1 -1 -1 -1 -1 -1 -1 -1 -1 -1 -1 -1 -1 -1 -1 -1 -1 -1 -1 -1 -1 -1 -1 -1 -1 -1 -1 -1 -1 -1 -1 -1 -1 -1 -1 -1 -1 -1 -1 -1 -1 -1 -1 -1 -1 -1 -1 -1 -1 -1 -1 -1
1511.5,878 722 1857 1801 1917 506 455 1346 42 877 1167 1502 1217 1872 697 960 1467 915 1281 1176 697 770 1200 567 334 1313 473 817 817 1300 1896 1184 1850 1911 1142 1902 -1 -1 -1 -1 -1 -1 -1 -1 -1 -1 -1 -1 -1 -1 -1 -1 -1 -1 -1 -1 -1 -1 -1 -1 -1 -1 -1 -1 -1 -1 -1 -1 -1 -1
1455.0,878 722 1857 1801 1300 506 817 1265 679 679 368 952 927 1801 646 1217 738 1075 146 1392 998 1178 246 1900 1144 1808 1910 302 617 634 1909 1216 1945 350 191 1970 366 1952 1393 399 703 158 1329 0 -1 -1 -1 -1 -1 -1 -1 -1 -1 -1 -1 -1 -1 -1 -1 -1 -1 -1 -1 -1 -1 -1 -1 -1 -1 -1
1368.0,878 722 1857 1801 1917 1265 1306 234 368 1856 787 1733 817 1230 1945 33 998 801 1909 914 1242 1247 481 506 2014 136 42 817 366 1952 1900 2049 1834 2020 146 1227 246 322 1896 33 1411 1080 1946 110 332 1984 1393 490 -1 -1 -1 -1 -1 -1 -1 -1 -1 -1 -1 -1 -1 -1 -1 -1 -1 -1 -1 -1 -1 -1
1408.5,878 722 1857 1801 1917 506 455 1313 516 947 817 1425 398 1265 1927 110 -1 -1 -1 -1 -1 -1 -1 -1 -1 -1 -1 -1 -1 -1 -1 -1 -1 -1 -1 -1 -1 -1 -1 -1 -1 -1 -1 -1 -1 -1 -1 -1 -1 -1 -1 -1 -1 -1 -1 -1 -1 -1 -1 -1 -1 -1 -1 -1 -1 -1 -1 -1 -1 -1
1352.5,878 722 1857 506 679 1313 615 506 2062 0 -1 -1 -1 -1 -1 -1 -1 -1 -1 -1 -1 -1 -1 -1 -1 -1 -1 -1 -1 -1 -1 -1 -1 -1 -1 -1 -1 -1 -1 -1 -1 -1 -1 -1 -1 -1 -1 -1 -1 -1 -1 -1 -1 -1 -1 -1 -1 -1 -1 -1 -1 -1 -1 -1 -1 -1 -1 -1 -1 -1
1821.0,878 234 368 240 998 1549 1910 995 1857 960 1411 1502 817 770 722 481 302 1588 1127 1504 136 136 1983 812 118 2014 129 1713 1591 1178 1219 1685 1915 1239 1193 1225 962 1052 598 1527 1930 1131 626 1869 1614 1887 1042 1585 754 984 1252 1109 1664 1320 1114 279 1146 765 1047 0 -1 -1 -1 -1 -1 -1 -1 -1 -1 -1
1836.0,878 1502 368 1346 42 242 1411 506 1306 1200 2052 1745 1167 1801 1313 1535 1857 1863 698 1764 369 995 817 1247 862 783 1685 1050 -1 -1 -1 -1 -1 -1 -1 -1 -1 -1 -1 -1 -1 -1 -1 -1 -1 -1 -1 -1 -1 -1 -1 -1 -1 -1 -1 -1 -1 -1 -1 -1 -1 -1 -1 -1 -1 -1 -1 -1 -1 -1
1860.5,878 1502 368 1346 722 1745 1614 995 361 757 1312 1247 998 787 927 1801 1249 368 1377 182 118 1419 -1 -1 -1 -1 -1 -1 -1 -1 -1 -1 -1 -1 -1 -1 -1 -1 -1 -1 -1 -1 -1 -1 -1 -1 -1 -1 -1 -1 -1 -1 -1 -1 -1 -1 -1 -1 -1 -1 -1 -1 -1 -1 -1 -1 -1 -1 -1 -1
1768.5,878 722 1857 1801 1300 579 998 1863 646 915 368 1952 359 679 679 1205 1197 1587 1546 0 -1 -1 -1 -1 -1 -1 -1 -1 -1 -1 -1 -1 -1 -1 -1 -1 -1 -1 -1 -1 -1 -1 -1 -1 -1 -1 -1 -1 -1 -1 -1 -1 -1 -1 -1 -1 -1 -1 -1 -1 -1 -1 -1 -1 -1 -1 -1 -1 -1 -1
1784.5,878 995 368 1346 998 506 722 1472 1910 757 1857 1801 35 787 952 801 801 1265 1411 0 -1 -1 -1 -1 -1 -1 -1 -1 -1 -1 -1 -1 -1 -1 -1 -1 -1 -1 -1 -1 -1 -1 -1 -1 -1 -1 -1 -1 -1 -1 -1 -1 -1 -1 -1 -1 -1 -1 -1 -1 -1 -1 -1 -1 -1 -1 -1 -1 -1 -1
1526.5,878 722 1857 1801 1300 1863 698 506 817 960 1264 1764 851 817 2061 1346 1551 473 455 1462 1872 755 -1 -1 -1 -1 -1 -1 -1 -1 -1 -1 -1 -1 -1 -1 -1 -1 -1 -1 -1 -1 -1 -1 -1 -1 -1 -1 -1 -1 -1 -1 -1 -1 -1 -1 -1 -1 -1 -1 -1 -1 -1 -1 -1 -1 -1 -1 -1 -1
1489.0,878 1346 42 1959 998 1045 1857 1863 368 770 1917 506 1657 995 817 783 1910 1801 915 1872 332 2020 302 1588 1264 812 129 1713 892 848 2047 1670 1924 1878 -1 -1 -1 -1 -1 -1 -1 -1 -1 -1 -1 -1 -1 -1 -1 -1 -1 -1 -1 -1 -1 -1 -1 -1 -1 -1 -1 -1 -1 -1 -1 -1 -1 -1 -1 -1
1545.5,878 1801 1857 722 1300 880 817 350 998 366 481 1045 334 885 801 1856 862 1502 16 1587 1917 281 1264 234 1834 1195 -1 -1 -1 -1 -1 -1 -1 -1 -1 -1 -1 -1 -1 -1 -1 -1 -1 -1 -1 -1 -1 -1 -1 -1 -1 -1 -1 -1 -1 -1 -1 -1 -1 -1 -1 -1 -1 -1 -1 -1 -1 -1 -1 -1
1543.5,878 770 368 1863 1614 995 998 234 1857 1502 1036 960 817 240 35 1191 1346 242 42 722 1264 1320 679 1873 1904 1911 1848 2047 818 55 528 2014 366 1909 742 1087 862 1911 1868 350 549 328 146 836 246 1367 206 322 361 1080 -1 -1 -1 -1 -1 -1 -1 -1 -1 -1 -1 -1 -1 -1 -1 -1 -1 -1 -1 -1
1543.5,878 770 368 1863 998 995 1857 234 1917 1502 862 960 817 240 722 1346 851 1191 361 1764 2061 1664 1614 1873 242 242 1301 2014 900 350 366 1909 455 709 212 1368 288 366 1437 1713 369 1648 1877 1906 1983 328 1027 1279 351 544 1591 1202 632 909 1027 0 -1 -1 -1 -1 -1 -1 -1 -1 -1 -1 -1 -1 -1 -1
1431.0,878 506 722 481 368 234 1614 1723 1857 1230 1945 33 1909 1247 1411 770 1002 802 995 757 1983 412 347 1953 1346 701 998 1863 35 464 1805 1764 878 560 817 1664 361 344 288 1873 722 1614 1219 1219 556 1424 332 1775 836 880 723 1900 573 1216 504 960 884 113 2049 358 1322 0 -1 -1 -1 -1 -1 -1 -1 -1
1891.5,878 722 1857 1801 1300 234 368 1176 1346 98 1675 1794 1614 1053 998 302 455 432 1490 714 752 1432 1432 506 817 573 1664 1836 757 960 308 1011 1366 1685 2047 1628 908 725 35 818 55 960 499 1320 1360 733 1420 240 819 0 -1 -1 -1 -1 -1 -1 -1 -1 -1 -1 -1 -1 -1 -1 -1 -1 -1 -1 -1 -1
1469.5,878 757 1857 234 368 787 801 506 998 1801 146 722 868 1176 246 322 481 947 1516 1953 697 885 725 1658 1036 116 -1 -1 -1 -1 -1 -1 -1 -1 -1 -1 -1 -1 -1 -1 -1 -1 -1 -1 -1 -1 -1 -1 -1 -1 -1 -1 -1 -1 -1 -1 -1 -1 -1 -1 -1 -1 -1 -1 -1 -1 -1 -1 -1 -1
1479.0,878 1346 42 1959 998 560 368 506 1857 1502 118 1745 1657 995 1909 1247 366 770 1202 802 697 1475 1053 1462 591 907 907 804 2014 212 212 481 362 1011 1095 1178 99 1225 889 757 2016 1867 1520 1663 392 182 981 1277 596 1080 1793 228 687 270 353 1332 1505 1537 -1 -1 -1 -1 -1 -1 -1 -1 -1 -1 -1 -1
1462.5,878 722 1857 1801 1300 1265 1306 506 368 1733 817 1856 787 1863 646 1217 998 817 146 770 1619 2014 900 1230 1945 33 722 481 136 1959 249 1427 1242 1242 719 952 995 1713 264 1109 900 741 1883 938 1104 757 1264 722 1910 349 8 1615 1617 864 1031 696 751 1250 1498 955 1064 421 1589 404 569 0 -1 -1 -1 -1
1406.5,1201 757 368 787 1856 506 1857 995 1306 1801 1411 1346 817 783 146 817 1945 412 230 328 308 1176 246 1900 423 1001 556 728 1411 1813 1857 1730 528 327 1394 1191 615 1071 1745 1730 1983 832 332 1362 1924 832 332 1602 1924 1588 1057 1127 609 1349 1927 615 1617 304 396 1242 1924 1820 1264 0 -1 -1 -1 -1 -1 -1
1456.5,878 757 1857 1801 368 787 801 506 998 722 868 234 146 1863 1361 1764 481 960 246 246 1306 817 1183 812 1491 1505 1036 328 752 136 136 388 1959 236 528 117 1053 960 1112 789 1234 1664 1614 1873 1909 2061 2014 1363 1363 560 551 1796 213 980 145 1422 1192 2017 392 1088 -1 -1 -1 -1 -1 -1 -1 -1 -1 -1
1507.0,878 722 1857 234 1917 812 129 1713 368 1856 801 2020 998 506 146 722 836 163 481 551 246 1067 390 1178 1739 322 1588 1057 817 1275 1983 1946 249 1216 1768 509 1117 0 -1 -1 -1 -1 -1 -1 -1 -1 -1 -1 -1 -1 -1 -1 -1 -1 -1 -1 -1 -1 -1 -1 -1 -1 -1 -1 -1 -1 -1 -1 -1 -1
1303.5,878 1346 1857 473 455 302 1917 1801 615 395 1490 129 129 885 4 1600 1930 1502 334 551 1850 1850 998 1457 1966 1259 374 1099 28 1432 1313 817 817 571 1312 448 800 1471 374 624 1301 722 374 1392 714 281 1945 1733 1200 381 1669 1191 333 2005 1688 1001 506 246 1909 1735 1617 146 1031 0 -1 -1 -1 -1 -1 -1
1437.5,878 757 1857 234 368 787 801 506 998 1863 1917 995 851 960 817 817 1910 1764 697 922 302 1664 892 1535 1249 117 35 14 1600 1713 1713 1266 1027 567 1946 1434 1434 1200 1834 1425 549 811 -1 -1 -1 -1 -1 -1 -1 -1 -1 -1 -1 -1 -1 -1 -1 -1 -1 -1 -1 -1 -1 -1 -1 -1 -1 -1 -1 -1
1432.5,878 1346 42 1959 998 560 368 1502 1857 1045 1657 506 1917 1475 983 0 -1 -1 -1 -1 -1 -1 -1 -1 -1 -1 -1 -1 -1 -1 -1 -1 -1 -1 -1 -1 -1 -1 -1 -1 -1 -1 -1 -1 -1 -1 -1 -1 -1 -1 -1 -1 -1 -1 -1 -1 -1 -1 -1 -1 -1 -1 -1 -1 -1 -1 -1 -1 -1 -1
1422.5,878 722 1857 1801 1917 1265 1664 506 55 885 801 1856 817 1313 697 1346 1167 1502 1411 817 1535 473 28 1392 697 812 334 1505 1576 560 1361 841 1969 1256 740 1160 992 1332 952 804 1896 1952 246 186 99 1808 47 112 1804 0 -1 -1 -1 -1 -1 -1 -1 -1 -1 -1 -1 -1 -1 -1 -1 -1 -1 -1 -1 -1
1388.0,878 757 1857 1801 368 787 801 117 35 1080 2052 801 -1 -1 -1 -1 -1 -1 -1 -1 -1 -1 -1 -1 -1 -1 -1 -1 -1 -1 -1 -1 -1 -1 -1 -1 -1 -1 -1 -1 -1 -1 -1 -1 -1 -1 -1 -1 -1 -1 -1 -1 -1 -1 -1 -1 -1 -1 -1 -1 -1 -1 -1 -1 -1 -1 -1 -1 -1 -1
1449.5,878 757 1857 1346 42 506 234 1050 1917 1801 817 551 1306 111 368 787 787 817 998 289 851 877 1725 1513 1513 1948 146 762 5 1745 1264 1109 609 1355 1104 216 1945 1048 1393 2002 475 351 246 246 714 1139 1791 1001 714 178 1031 2021 1542 908 553 1403 1910 75 -1 -1 -1 -1 -1 -1 -1 -1 -1 -1 -1 -1
1854.5,878 995 368 1346 998 473 1313 240 1927 1549 734 936 591 757 146 960 988 817 361 1520 817 117 246 1900 998 381 286 1191 2063 1080 892 1332 1933 841 818 1320 -1 -1 -1 -1 -1 -1 -1 -1 -1 -1 -1 -1 -1 -1 -1 -1 -1 -1 -1 -1 -1 -1 -1 -1 -1 -1 -1 -1 -1 -1 -1 -1 -1 -1
1301.0,878 722 1857 234 368 1801 1917 770 998 1230 359 679 1612 914 719 812 1775 757 1167 1176 1675 1794 1612 506 249 1863 862 960 1053 817 481 136 1959 1764 1684 620 478 947 35 1355 1232 1911 754 0 -1 -1 -1 -1 -1 -1 -1 -1 -1 -1 -1 -1 -1 -1 -1 -1 -1 -1 -1 -1 -1 -1 -1 -1 -1 -1
1837.0,878 722 1857 1801 1300 1863 698 1265 1306 234 368 1856 787 268 817 506 998 817 1945 1764 369 922 1264 1392 146 1646 547 757 1346 1873 1725 1845 1983 1614 528 1887 361 2020 1312 770 836 1231 1096 1108 1850 2020 1307 860 1875 0 -1 -1 -1 -1 -1 -1 -1 -1 -1 -1 -1 -1 -1 -1 -1 -1 -1 -1 -1 -1
1387.0,878 722 1857 1801 1917 234 368 1952 817 877 894 1502 679 359 224 1017 359 137 -1 -1 -1 -1 -1 -1 -1 -1 -1 -1 -1 -1 -1 -1 -1 -1 -1 -1 -1 -1 -1 -1 -1 -1 -1 -1 -1 -1 -1 -1 -1 -1 -1 -1 -1 -1 -1 -1 -1 -1 -1 -1 -1 -1 -1 -1 -1 -1 -1 -1 -1 -1
1832.0,878 722 1857 234 368 1856 927 1801 1300 1176 646 646 146 1952 1619 350 817 1300 1264 757 1192 2020 722 1053 530 163 1448 714 998 567 2010 1645 1035 2036 1077 778 1732 1869 403 859 738 1585 1633 938 1003 1869 501 778 182 1022 1394 846 206 1427 1665 328 1945 1332 1723 1216 1003 778 1006 2055 2029 1867 611 984 1393 0
1699.0,878 1346 42 1959 998 1045 1917 1801 1857 506 368 1863 817 995 146 960 528 817 992 1764 851 877 1346 1948 1363 1664 892 42 246 246 1746 1745 885 952 927 1443 448 1963 2047 1917 1301 1392 1112 1300 1959 2020 -1 -1 -1 -1 -1 -1 -1 -1 -1 -1 -1 -1 -1 -1 -1 -1 -1 -1 -1 -1 -1 -1 -1 -1
1430.0,878 757 1857 995 368 787 801 1863 998 412 1036 1801 817 506 35 960 1910 234 332 817 302 381 1713 1713 146 1764 246 246 915 1756 1230 1664 2049 1900 722 922 1848 359 646 603 337 646 1200 1535 714 1505 1924 1443 1252 698 635 1331 392 1123 1153 0 -1 -1 -1 -1 -1 -1 -1 -1 -1 -1 -1 -1 -1 -1
1395.0,878 1801 1857 1320 998 995 368 506 1300 960 817 817 146 770 246 246 366 922 350 146 722 1392 615 877 1411 1427 1242 234 1792 302 530 1900 1689 1191 1247 1533 1702 0 -1 -1 -1 -1 -1 -1 -1 -1 -1 -1 -1 -1 -1 -1 -1 -1 -1 -1 -1 -1 -1 -1 -1 -1 -1 -1 -1 -1 -1 -1 -1 -1
1355.0,878 1346 42 1959 998 568 1036 2036 1857 659 751 620 368 1230 478 2063 862 1801 264 1505 862 1427 1427 365 1819 947 1017 1017 528 1778 981 5 481 995 1868 960 -1 -1 -1 -1 -1 -1 -1 -1 -1 -1 -1 -1 -1 -1 -1 -1 -1 -1 -1 -1 -1 -1 -1 -1 -1 -1 -1 -1 -1 -1 -1 -1 -1 -1
1382.5,878 995 368 1346 998 757 42 42 1167 1801 1162 960 1857 506 817 817 1264 1392 528 117 988 1520 2031 1557 615 812 646 1872 892 560 818 841 35 506 1520 1392 885 1176 934 1132 1264 1176 1533 1745 475 1247 1254 0 -1 -1 -1 -1 -1 -1 -1 -1 -1 -1 -1 -1 -1 -1 -1 -1 -1 -1 -1 -1 -1 -1
1308.0,878 234 368 551 998 111 1917 1801 1857 1230 817 1427 1242 801 539 1178 774 416 499 506 722 848 1219 1366 374 117 448 885 892 560 927 1781 1318 1953 1781 421 7 0 -1 -1 -1 -1 -1 -1 -1 -1 -1 -1 -1 -1 -1 -1 -1 -1 -1 -1 -1 -1 -1 -1 -1 -1 -1 -1 -1 -1 -1 -1 -1 -1
1358.5,878 722 1857 1801 1300 506 817 1265 1306 350 368 1856 787 783 722 848 1219 1366 598 1191 615 366 146 506 646 1217 246 1900 998 1945 1927 1230 1346 242 136 1427 1242 1505 322 322 936 1392 1024 1001 1937 1937 374 1533 76 714 639 1952 452 1939 1846 302 1255 1970 619 0 -1 -1 -1 -1 -1 -1 -1 -1 -1 -1
1513.0,878 722 1857 1801 1917 1265 1664 1199 1306 1801 368 1856 787 889 230 2020 817 506 722 848 1945 1790 359 679 679 1419 1264 554 554 960 285 234 1857 1176 615 757 1264 817 1349 1005 539 955 1576 1 283 1135 1978 0 -1 -1 -1 -1 -1 -1 -1 -1 -1 -1 -1 -1 -1 -1 -1 -1 -1 -1 -1 -1 -1 -1
1513.0,878 722 1857 1801 1917 1265 1664 1199 1306 1801 368 1856 787 801 801 889 118 190 193 506 817 1313 1264 817 1186 1392 2031 179 998 234 1264 812 1600 1713 1138 163 1077 1937 814 1145 1927 757 481 626 1370 1808 1375 2014 286 634 1969 598 1617 1346 1375 368 221 1001 481 1735 1909 471 1810 0 -1 -1 -1 -1 -1 -1
1513.0,878 722 1857 1801 1917 1265 1664 1199 1306 1631 1572 506 679 0 -1 -1 -1 -1 -1 -1 -1 -1 -1 -1 -1 -1 -1 -1 -1 -1 -1 -1 -1 -1 -1 -1 -1 -1 -1 -1 -1 -1 -1 -1 -1 -1 -1 -1 -1 -1 -1 -1 -1 -1 -1 -1 -1 -1 -1 -1 -1 -1 -1 -1 -1 -1 -1 -1 -1 -1
1374.5,878 995 368 1346 998 1462 722 757 1725 560 118 907 907 117 1834 395 774 0 -1 -1 -1 -1 -1 -1 -1 -1 -1 -1 -1 -1 -1 -1 -1 -1 -1 -1 -1 -1 -1 -1 -1 -1 -1 -1 -1 -1 -1 -1 -1 -1 -1 -1 -1 -1 -1 -1 -1 -1 -1 -1 -1 -1 -1 -1 -1 -1 -1 -1 -1 -1
1354.0,878 1346 42 1959 998 560 1917 1801 1857 770 368 506 817 1230 1346 1657 1167 1502 1217 1872 1036 1427 1427 914 1242 481 35 1053 725 1154 568 765 171 1998 150 874 1961 1332 1834 722 356 714 716 201 -1 -1 -1 -1 -1 -1 -1 -1 -1 -1 -1 -1 -1 -1 -1 -1 -1 -1 -1 -1 -1 -1 -1 -1 -1 -1
1413.5,878 757 1857 1801 368 787 801 551 1614 111 35 995 998 579 1036 817 528 1320 1183 922 817 1505 1055 1657 1112 302 1588 661 862 556 1239 1239 1946 1368 -1 -1 -1 -1 -1 -1 -1 -1 -1 -1 -1 -1 -1 -1 -1 -1 -1 -1 -1 -1 -1 -1 -1 -1 -1 -1 -1 -1 -1 -1 -1 -1 -1 -1 -1 -1
1394.5,878 995 368 1346 998 757 1857 1801 42 42 1300 117 817 1614 1162 328 136 231 16 1953 9 0 -1 -1 -1 -1 -1 -1 -1 -1 -1 -1 -1 -1 -1 -1 -1 -1 -1 -1 -1 -1 -1 -1 -1 -1 -1 -1 -1 -1 -1 -1 -1 -1 -1 -1 -1 -1 -1 -1 -1 -1 -1 -1 -1 -1 -1 -1 -1 -1
1839.5,878 1502 368 1346 998 473 1313 506 734 530 1036 783 1857 817 817 1392 1614 240 1112 1011 1576 1230 1945 33 308 2020 1747 571 1411 953 556 2000 836 1247 285 1490 1375 801 -1 -1 -1 -1 -1 -1 -1 -1 -1 -1 -1 -1 -1 -1 -1 -1 -1 -1 -1 -1 -1 -1 -1 -1 -1 -1 -1 -1 -1 -1 -1 -1
1519.5,368 1346 862 506 1201 1230 752 1745 1411 995 361 889 1306 624 817 817 1312 1801 661 1588 1127 510 1785 1392 1817 1769 1992 880 308 947 1361 2067 423 955 754 1057 1127 328 1411 0 -1 -1 -1 -1 -1 -1 -1 -1 -1 -1 -1 -1 -1 -1 -1 -1 -1 -1 -1 -1 -1 -1 -1 -1 -1 -1 -1 -1 -1 -1
1811.0,878 995 368 1346 2052 757 42 42 999 1614 1036 783 817 506 1657 812 982 770 1112 412 1950 740 1306 1472 356 817 701 1723 760 524 35 412 1614 381 1883 1745 1882 742 757 960 249 567 1657 1135 1104 0 -1 -1 -1 -1 -1 -1 -1 -1 -1 -1 -1 -1 -1 -1 -1 -1 -1 -1 -1 -1 -1 -1 -1 -1
1814.5,878 234 368 506 998 551 35 111 752 817 528 1475 1909 757 1346 1657 1036 1863 1275 1764 1053 1969 1256 1950 1645 865 366 281 218 117 1306 1195 1282 1313 308 463 1857 466 710 1449 -1 -1 -1 -1 -1 -1 -1 -1 -1 -1 -1 -1 -1 -1 -1 -1 -1 -1 -1 -1 -1 -1 -1 -1 -1 -1 -1 -1 -1 -1
1801.5,878 757 1857 234 1167 1176 1675 639 817 551 998 111 334 1549 1945 817 35 1863 2061 770 528 860 361 722 1873 1764 733 524 1112 1873 149 1346 42 136 1312 464 465 412 1200 302 1853 1723 1110 481 1785 1646 950 950 1969 1539 1306 62 1868 878 -1 -1 -1 -1 -1 -1 -1 -1 -1 -1 -1 -1 -1 -1 -1 -1
1400.0,878 722 1857 506 679 1313 615 2020 28 641 998 1952 1857 302 1421 0 -1 -1 -1 -1 -1 -1 -1 -1 -1 -1 -1 -1 -1 -1 -1 -1 -1 -1 -1 -1 -1 -1 -1 -1 -1 -1 -1 -1 -1 -1 -1 -1 -1 -1 -1 -1 -1 -1 -1 -1 -1 -1 -1 -1 -1 -1 -1 -1 -1 -1 -1 -1 -1 -1
1842.5,878 722 1857 1801 1917 506 334 770 1306 1863 817 960 1264 234 2061 817 1945 1392 230 1997 807 812 851 1963 1513 281 1312 1346 42 1959 308 1629 368 1856 1937 1937 836 334 -1 -1 -1 -1 -1 -1 -1 -1 -1 -1 -1 -1 -1 -1 -1 -1 -1 -1 -1 -1 -1 -1 -1 -1 -1 -1 -1 -1 -1 -1 -1 -1
1406.5,878 722 1857 506 679 2020 368 234 1857 1230 1036 1801 817 1863 722 359 359 679 679 1419 1195 1436 1264 554 554 1953 984 509 2032 1022 862 1270 998 1952 374 770 714 2014 264 350 699 1320 1098 0 -1 -1 -1 -1 -1 -1 -1 -1 -1 -1 -1 -1 -1 -1 -1 -1 -1 -1 -1 -1 -1 -1 -1 -1 -1 -1
1578.0,1910 1346 1857 506 1201 1801 1036 995 817 960 1112 368 1576 1265 1664 647 801 722 915 1872 1205 481 1230 817 697 1265 562 139 998 381 539 955 136 242 995 770 1978 0 -1 -1 -1 -1 -1 -1 -1 -1 -1 -1 -1 -1 -1 -1 -1 -1 -1 -1 -1 -1 -1 -1 -1 -1 -1 -1 -1 -1 -1 -1 -1 -1
1756.0,878 995 368 1346 2052 757 42 42 1167 1176 1675 639 999 1447 615 1912 595 787 801 1549 2003 1053 146 1077 145 564 818 1520 246 1900 2059 243 1927 1503 1503 1486 1306 302 661 254 1533 1952 628 956 599 1953 1313 658 981 445 1945 1630 1909 1413 635 1320 1240 509 19 675 112 1178 358 1906 366 0 -1 -1 -1 -1
1584.0,878 722 1857 1801 1917 1265 1306 877 814 1145 1180 1906 368 234 1197 551 1202 880 943 2036 1202 2015 347 1587 480 1178 988 1867 -1 -1 -1 -1 -1 -1 -1 -1 -1 -1 -1 -1 -1 -1 -1 -1 -1 -1 -1 -1 -1 -1 -1 -1 -1 -1 -1 -1 -1 -1 -1 -1 -1 -1 -1 -1 -1 -1 -1 -1 -1 -1
1377.5,878 757 1857 995 368 1346 42 722 359 1230 1167 1587 817 1427 1242 1863 1917 1952 312 1178 530 936 221 1438 201 1867 862 2020 998 551 1151 136 1793 1869 501 1270 35 1320 760 1083 2061 1801 954 778 1873 281 1983 381 249 603 337 111 1244 226 1988 679 1192 381 1868 603 -1 -1 -1 -1 -1 -1 -1 -1 -1 -1
1418.0,878 1346 1857 473 455 506 998 1745 334 1457 1966 1801 1036 1657 817 1572 1572 62 1012 1502 516 1145 1792 1526 581 1906 1747 1313 -1 -1 -1 -1 -1 -1 -1 -1 -1 -1 -1 -1 -1 -1 -1 -1 -1 -1 -1 -1 -1 -1 -1 -1 -1 -1 -1 -1 -1 -1 -1 -1 -1 -1 -1 -1 -1 -1 -1 -1 -1 -1
1420.5,878 757 1857 1801 1300 995 646 1872 817 234 1306 722 368 787 787 1346 359 473 738 1075 1155 1745 998 1247 479 302 1312 1265 862 328 1144 778 555 1869 714 481 501 1832 818 546 374 978 1725 1138 928 1832 475 1199 527 654 1458 1131 1819 494 1945 0 -1 -1 -1 -1 -1 -1 -1 -1 -1 -1 -1 -1 -1 -1
1406.0,878 722 1857 1801 1917 1265 1306 506 334 848 817 350 1945 234 146 1952 118 395 2061 2014 1664 1909 553 1967 1967 41 332 75 55 73 1924 1984 -1 -1 -1 -1 -1 -1 -1 -1 -1 -1 -1 -1 -1 -1 -1 -1 -1 -1 -1 -1 -1 -1 -1 -1 -1 -1 -1 -1 -1 -1 -1 -1 -1 -1 -1 -1 -1 -1
1559.5,1725 722 1614 506 998 1502 1927 1265 591 817 1201 770 1479 1346 242 242 817 368 892 1475 818 818 1664 1904 308 1745 252 1608 1259 1184 1597 476 1142 0 -1 -1 -1 -1 -1 -1 -1 -1 -1 -1 -1 -1 -1 -1 -1 -1 -1 -1 -1 -1 -1 -1 -1 -1 -1 -1 -1 -1 -1 -1 -1 -1 -1 -1 -1 -1
1545.5,878 1346 42 1959 998 1045 1917 757 1857 995 817 506 1264 960 368 787 801 817 35 1863 697 1176 965 722 476 1856 862 567 1705 1705 414 1462 1725 214 527 796 1883 409 2004 1300 284 1551 1286 770 1945 1505 1263 676 1306 1200 1633 1952 1393 1425 1924 1200 1701 302 549 350 1927 551 1617 1001 374 1154 1301 481 140 0
1412.0,878 1502 368 182 118 1946 709 1952 -1 -1 -1 -1 -1 -1 -1 -1 -1 -1 -1 -1 -1 -1 -1 -1 -1 -1 -1 -1 -1 -1 -1 -1 -1 -1 -1 -1 -1 -1 -1 -1 -1 -1 -1 -1 -1 -1 -1 -1 -1 -1 -1 -1 -1 -1 -1 -1 -1 -1 -1 -1 -1 -1 -1 -1 -1 -1 -1 -1 -1 -1
1777.5,878 995 368 757 1346 722 1857 234 1614 506 998 1845 1725 1176 1411 960 817 1887 1124 1863 752 1764 35 1664 527 343 1972 1873 1301 1845 1112 2047 1512 1948 -1 -1 -1 -1 -1 -1 -1 -1 -1 -1 -1 -1 -1 -1 -1 -1 -1 -1 -1 -1 -1 -1 -1 -1 -1 -1 -1 -1 -1 -1 -1 -1 -1 -1 -1 -1
1483.5,878 1502 368 182 118 2063 1895 0 -1 -1 -1 -1 -1 -1 -1 -1 -1 -1 -1 -1 -1 -1 -1 -1 -1 -1 -1 -1 -1 -1 -1 -1 -1 -1 -1 -1 -1 -1 -1 -1 -1 -1 -1 -1 -1 -1 -1 -1 -1 -1 -1 -1 -1 -1 -1 -1 -1 -1 -1 -1 -1 -1 -1 -1 -1 -1 -1 -1 -1 -1
1810.5,878 722 1857 1801 1917 1265 1306 506 334 234 817 770 2061 1863 1945 328 1264 573 35 268 230 817 807 1502 618 1392 1312 846 1805 1346 42 136 878 781 361 62 351 812 129 1138 249 2047 4 117 1664 1248 332 762 5 1517 351 571 249 0 -1 -1 -1 -1 -1 -1 -1 -1 -1 -1 -1 -1 -1 -1 -1 -1
1500.0,878 1346 42 1959 1857 1230 1036 506 817 722 998 953 679 17 1268 641 1277 0 -1 -1 -1 -1 -1 -1 -1 -1 -1 -1 -1 -1 -1 -1 -1 -1 -1 -1 -1 -1 -1 -1 -1 -1 -1 -1 -1 -1 -1 -1 -1 -1 -1 -1 -1 -1 -1 -1 -1 -1 -1 -1 -1 -1 -1 -1 -1 -1 -1 -1 -1 -1
1441.0,878 722 1857 1801 1917 1462 1306 1265 368 1346 388 1230 988 579 1467 915 817 817 1945 877 1215 137 337 571 859 859 230 1505 1664 1969 701 1320 1790 1952 1801 1392 1576 1186 374 1942 714 956 1039 598 1393 1392 836 551 2065 609 609 1191 628 1906 1360 1360 38 302 1614 2014 757 1909 1502 1953 750 1906 43 0 -1 -1
1400.5,878 757 1857 1346 42 1959 998 1045 1917 995 817 506 368 1801 988 137 337 1520 146 960 452 817 992 770 246 246 1300 1863 646 1872 1200 741 1657 922 240 1005 653 1911 1206 2056 734 1900 1692 1454 1969 194 194 946 -1 -1 -1 -1 -1 -1 -1 -1 -1 -1 -1 -1 -1 -1 -1 -1 -1 -1 -1 -1 -1 -1
1421.0,878 757 1857 995 368 1801 1346 42 42 98 1614 573 998 506 1036 960 817 817 146 783 1798 770 1619 68 68 136 242 341 1848 0 -1 -1 -1 -1 -1 -1 -1 -1 -1 -1 -1 -1 -1 -1 -1 -1 -1 -1 -1 -1 -1 -1 -1 -1 -1 -1 -1 -1 -1 -1 -1 -1 -1 -1 -1 -1 -1 -1 -1 -1
1377.0,878 757 1857 551 368 787 801 111 998 1801 35 1873 1036 506 752 817 528 1346 42 136 915 1872 136 242 1053 1745 1707 281 938 722 1265 1392 1959 880 1909 1905 1509 809 938 411 344 1097 896 1847 1707 812 934 1001 1930 1713 410 1663 392 430 635 365 1527 1249 1740 1946 270 770 1740 722 1564 870 270 0 -1 -1
1484.5,878 722 1857 506 679 1313 615 2020 28 234 368 1801 1300 1863 1917 812 915 1872 129 1346 814 0 -1 -1 -1 -1 -1 -1 -1 -1 -1 -1 -1 -1 -1 -1 -1 -1 -1 -1 -1 -1 -1 -1 -1 -1 -1 -1 -1 -1 -1 -1 -1 -1 -1 -1 -1 -1 -1 -1 -1 -1 -1 -1 -1 -1 -1 -1 -1 -1
1412.0,878 722 1857 506 679 2020 368 1801 915 1872 1411 0 -1 -1 -1 -1 -1 -1 -1 -1 -1 -1 -1 -1 -1 -1 -1 -1 -1 -1 -1 -1 -1 -1 -1 -1 -1 -1 -1 -1 -1 -1 -1 -1 -1 -1 -1 -1 -1 -1 -1 -1 -1 -1 -1 -1 -1 -1 -1 -1 -1 -1 -1 -1 -1 -1 -1 -1 -1 -1
1840.0,878 757 1857 234 1167 1176 1675 639 817 1549 615 995 1112 960 1576 817 1614 412 368 787 801 1863 998 2047 992 1355 448 917 332 1911 1055 146 1512 1109 1141 446 1450 506 448 560 752 551 1868 1001 2019 714 1183 1556 1664 0 -1 -1 -1 -1 -1 -1 -1 -1 -1 -1 -1 -1 -1 -1 -1 -1 -1 -1 -1 -1
1796.0,878 551 368 111 35 757 998 787 952 506 722 510 995 1726 1167 0 -1 -1 -1 -1 -1 -1 -1 -1 -1 -1 -1 -1 -1 -1 -1 -1 -1 -1 -1 -1 -1 -1 -1 -1 -1 -1 -1 -1 -1 -1 -1 -1 -1 -1 -1 -1 -1 -1 -1 -1 -1 -1 -1 -1 -1 -1 -1 -1 -1 -1 -1 -1 -1 -1
1793.5,878 1346 42 1959 1857 1230 1945 1427 -1 -1 -1 -1 -1 -1 -1 -1 -1 -1 -1 -1 -1 -1 -1 -1 -1 -1 -1 -1 -1 -1 -1 -1 -1 -1 -1 -1 -1 -1 -1 -1 -1 -1 -1 -1 -1 -1 -1 -1 -1 -1 -1 -1 -1 -1 -1 -1 -1 -1 -1 -1 -1 -1 -1 -1 -1 -1 -1 -1 -1 -1
1314.0,878 995 368 1346 2052 473 1313 722 1857 1856 927 1801 738 1235 1917 1745 1312 1443 817 1801 598 960 862 1053 879 742 1300 1427 719 877 19 1022 526 874 1392 1937 1019 0 -1 -1 -1 -1 -1 -1 -1 -1 -1 -1 -1 -1 -1 -1 -1 -1 -1 -1 -1 -1 -1 -1 -1 -1 -1 -1 -1 -1 -1 -1 -1 -1
1257.0,878 722 1857 1952 679 1502 1197 551 1202 2015 683 2020 1006 1346 1036 812 347 1178 817 1845 42 242 1230 1195 2032 1867 998 111 334 1216 1012 1764 1775 302 1793 1869 1042 2047 1784 778 1747 953 1533 1349 777 381 738 1867 -1 -1 -1 -1 -1 -1 -1 -1 -1 -1 -1 -1 -1 -1 -1 -1 -1 -1 -1 -1 -1 -1
1531.0,878 722 2063 1801 1917 506 763 0 -1 -1 -1 -1 -1 -1 -1 -1 -1 -1 -1 -1 -1 -1 -1 -1 -1 -1 -1 -1 -1 -1 -1 -1 -1 -1 -1 -1 -1 -1 -1 -1 -1 -1 -1 -1 -1 -1 -1 -1 -1 -1 -1 -1 -1 -1 -1 -1 -1 -1 -1 -1 -1 -1 -1 -1 -1 -1 -1 -1 -1 -1
1531.0,878 722 2063 506 -1 -1 -1 -1 -1 -1 -1 -1 -1 -1 -1 -1 -1 -1 -1 -1 -1 -1 -1 -1 -1 -1 -1 -1 -1 -1 -1 -1 -1 -1 -1 -1 -1 -1 -1 -1 -1 -1 -1 -1 -1 -1 -1 -1 -1 -1 -1 -1 -1 -1 -1 -1 -1 -1 -1 -1 -1 -1 -1 -1 -1 -1 -1 -1 -1 -1
1531.0,878 722 2063 551 1546 960 683 0 -1 -1 -1 -1 -1 -1 -1 -1 -1 -1 -1 -1 -1 -1 -1 -1 -1 -1 -1 -1 -1 -1 -1 -1 -1 -1 -1 -1 -1 -1 -1 -1 -1 -1 -1 -1 -1 -1 -1 -1 -1 -1 -1 -1 -1 -1 -1 -1 -1 -1 -1 -1 -1 -1 -1 -1 -1 -1 -1 -1 -1 -1
1855.0,878 1346 -1 -1 -1 -1 -1 -1 -1 -1 -1 -1 -1 -1 -1 -1 -1 -1 -1 -1 -1 -1 -1 -1 -1 -1 -1 -1 -1 -1 -1 -1 -1 -1 -1 -1 -1 -1 -1 -1 -1 -1 -1 -1 -1 -1 -1 -1 -1 -1 -1 -1 -1 -1 -1 -1 -1 -1 -1 -1 -1 -1 -1 -1 -1 -1 -1 -1 -1 -1
1775.5,878 757 1857 1801 1300 1863 646 1872 817 995 368 1346 722 960 988 1520 885 922 1306 1873 35 1733 332 328 2052 757 1420 836 1857 817 528 567 1692 72 1219 1050 862 953 1657 436 1983 1614 1896 922 1275 551 1946 1922 1249 2014 709 709 1128 955 961 404 848 381 1082 1191 763 0 -1 -1 -1 -1 -1 -1 -1 -1
1320.5,878 722 1857 506 679 234 1857 551 998 111 334 757 1036 1801 35 817 528 117 1275 1080 499 1448 817 848 1645 865 556 1072 481 885 328 804 33 1414 1307 955 1810 0 -1 -1 -1 -1 -1 -1 -1 -1 -1 -1 -1 -1 -1 -1 -1 -1 -1 -1 -1 -1 -1 -1 -1 -1 -1 -1 -1 -1 -1 -1 -1 -1
1364.5,878 757 1857 234 1167 240 1306 1863 698 1764 369 1549 817 551 334 111 35 412 1264 817 230 922 807 1355 1312 1346 42 388 2061 995 1551 1551 528 1427 719 481 1275 204 1645 865 1946 1664 1910 171 171 1154 302 1588 368 787 1822 404 1082 955 1418 0 -1 -1 -1 -1 -1 -1 -1 -1 -1 -1 -1 -1 -1 -1
1526.5,878 722 2063 506 1546 2020 1928 777 998 234 1917 812 129 1713 1857 1801 334 722 817 1053 146 890 481 136 42 1646 777 1665 719 1392 1619 1502 1217 1872 1306 62 992 2047 32 1311 134 1022 374 1533 777 877 1602 765 1816 1869 1495 1585 1614 701 11 765 858 1869 2061 1873 130 765 1816 1869 48 1585 1827 0 -1 -1
1526.5,878 722 2063 551 1546 960 683 1619 1677 1587 738 1225 1857 1801 311 1131 341 234 1550 1869 334 812 1042 1642 1831 1585 1920 1869 2061 1176 1163 885 1097 757 1759 778 1837 608 712 509 1908 778 147 1953 680 1587 1949 0 -1 -1 -1 -1 -1 -1 -1 -1 -1 -1 -1 -1 -1 -1 -1 -1 -1 -1 -1 -1 -1 -1
1500.0,878 722 1857 1801 1917 1265 1306 1346 42 506 1217 1872 817 848 368 817 988 137 337 381 1654 0 -1 -1 -1 -1 -1 -1 -1 -1 -1 -1 -1 -1 -1 -1 -1 -1 -1 -1 -1 -1 -1 -1 -1 -1 -1 -1 -1 -1 -1 -1 -1 -1 -1 -1 -1 -1 -1 -1 -1 -1 -1 -1 -1 -1 -1 -1 -1 -1
1666.0,878 722 1857 1801 1300 1265 1306 947 68 0 -1 -1 -1 -1 -1 -1 -1 -1 -1 -1 -1 -1 -1 -1 -1 -1 -1 -1 -1 -1 -1 -1 -1 -1 -1 -1 -1 -1 -1 -1 -1 -1 -1 -1 -1 -1 -1 -1 -1 -1 -1 -1 -1 -1 -1 -1 -1 -1 -1 -1 -1 -1 -1 -1 -1 -1 -1 -1 -1 -1
1666.0,878 722 2063 1462 1917 506 763 0 -1 -1 -1 -1 -1 -1 -1 -1 -1 -1 -1 -1 -1 -1 -1 -1 -1 -1 -1 -1 -1 -1 -1 -1 -1 -1 -1 -1 -1 -1 -1 -1 -1 -1 -1 -1 -1 -1 -1 -1 -1 -1 -1 -1 -1 -1 -1 -1 -1 -1 -1 -1 -1 -1 -1 -1 -1 -1 -1 -1 -1 -1
1666.0,878 722 1857 1801 1917 1265 1306 506 334 817 230 848 817 1425 398 110 1758 81 68 1346 388 381 982 1230 528 877 1946 1517 262 2044 1275 421 1978 0 -1 -1 -1 -1 -1 -1 -1 -1 -1 -1 -1 -1 -1 -1 -1 -1 -1 -1 -1 -1 -1 -1 -1 -1 -1 -1 -1 -1 -1 -1 -1 -1 -1 -1 -1 -1
1350.5,878 995 368 1346 2052 757 42 42 999 506 1167 1801 817 960 988 817 1081 1863 646 1872 146 770 1619 1230 1945 33 1909 1247 1039 412 246 246 1264 1249 1306 0 -1 -1 -1 -1 -1 -1 -1 -1 -1 -1 -1 -1 -1 -1 -1 -1 -1 -1 -1 -1 -1 -1 -1 -1 -1 -1 -1 -1 -1 -1 -1 -1 -1 -1
1836.0,878 722 1857 1801 1917 1265 1306 506 334 234 2061 1863 817 1230 230 2020 1945 33 1264 817 807 770 1312 1247 1664 268 556 1113 1771 953 697 328 1096 1108 322 1346 1850 740 1875 0 -1 -1 -1 -1 -1 -1 -1 -1 -1 -1 -1 -1 -1 -1 -1 -1 -1 -1 -1 -1 -1 -1 -1 -1 -1 -1 -1 -1 -1 -1
1424.5,878 722 1857 1801 1917 1265 1306 234 368 1856 787 889 998 1230 814 1145 1990 1368 709 1647 910 0 -1 -1 -1 -1 -1 -1 -1 -1 -1 -1 -1 -1 -1 -1 -1 -1 -1 -1 -1 -1 -1 -1 -1 -1 -1 -1 -1 -1 -1 -1 -1 -1 -1 -1 -1 -1 -1 -1 -1 -1 -1 -1 -1 -1 -1 -1 -1 -1
1347.0,878 757 1857 1801 1300 1863 646 1872 817 234 722 359 679 1612 1264 755 2063 551 697 812 998 506 334 1505 146 111 366 817 246 246 1969 656 350 1414 1895 955 1200 1216 936 530 544 503 620 1931 -1 -1 -1 -1 -1 -1 -1 -1 -1 -1 -1 -1 -1 -1 -1 -1 -1 -1 -1 -1 -1 -1 -1 -1 -1 -1
1353.5,878 995 368 1346 2052 506 722 1472 1411 757 1306 1801 982 787 787 117 361 889 118 190 193 817 817 1952 530 936 1945 1863 879 1045 1657 679 359 240 1868 117 1946 1080 2063 770 2036 1419 1689 186 1033 1587 99 1225 1095 875 1055 1202 317 42 130 0 -1 -1 -1 -1 -1 -1 -1 -1 -1 -1 -1 -1 -1 -1
1397.0,878 995 1857 1346 42 42 368 506 1411 1801 1306 960 817 817 1264 1392 146 1230 230 953 308 1427 1870 551 366 1001 1481 246 350 1834 2015 802 2061 328 1873 1863 1147 836 1937 1937 1127 1067 374 350 528 1939 1264 1 1754 146 568 1911 613 1440 432 1666 163 146 880 984 -1 -1 -1 -1 -1 -1 -1 -1 -1 -1
1463.0,878 1346 42 1959 998 2016 1036 1230 752 33 368 755 35 1801 528 1053 1053 995 1909 1247 366 1646 1411 1572 1966 328 1420 1879 1707 657 289 0 -1 -1 -1 -1 -1 -1 -1 -1 -1 -1 -1 -1 -1 -1 -1 -1 -1 -1 -1 -1 -1 -1 -1 -1 -1 -1 -1 -1 -1 -1 -1 -1 -1 -1 -1 -1 -1 -1
1329.0,878 1346 42 1959 998 1045 1917 1176 1857 506 817 1230 1657 1745 983 0 -1 -1 -1 -1 -1 -1 -1 -1 -1 -1 -1 -1 -1 -1 -1 -1 -1 -1 -1 -1 -1 -1 -1 -1 -1 -1 -1 -1 -1 -1 -1 -1 -1 -1 -1 -1 -1 -1 -1 -1 -1 -1 -1 -1 -1 -1 -1 -1 -1 -1 -1 -1 -1 -1
1368.5,878 757 1857 1801 1300 234 817 1863 1467 1872 722 1230 995 1713 1945 33 1909 592 1264 506 368 787 801 953 615 722 836 995 1312 551 998 111 1910 1992 8 817 992 1346 892 1005 2047 436 1664 281 1306 1882 1725 1873 1600 129 1421 1138 1138 1930 1413 2020 1393 1162 1924 697 1393 137 1617 1578 1924 1200 332 1670 1393 0
1372.5,878 722 1857 1801 1917 506 455 1265 516 2020 817 421 455 770 1197 0 -1 -1 -1 -1 -1 -1 -1 -1 -1 -1 -1 -1 -1 -1 -1 -1 -1 -1 -1 -1 -1 -1 -1 -1 -1 -1 -1 -1 -1 -1 -1 -1 -1 -1 -1 -1 -1 -1 -1 -1 -1 -1 -1 -1 -1 -1 -1 -1 -1 -1 -1 -1 -1 -1
1370.5,878 722 1857 1801 1917 506 455 1346 42 877 1167 1176 1675 1794 817 1959 998 1045 1857 1801 1264 960 679 817 915 1872 334 770 862 1265 528 848 35 783 1927 880 351 697 615 754 1200 1005 72 1366 1394 1346 528 2063 1910 368 952 1503 1503 281 1192 406 549 514 981 1077 392 902 1147 1228 748 313 1785 805 -1 -1
1401.5,878 757 1857 1801 1300 506 646 1217 722 481 817 551 1614 111 242 0 -1 -1 -1 -1 -1 -1 -1 -1 -1 -1 -1 -1 -1 -1 -1 -1 -1 -1 -1 -1 -1 -1 -1 -1 -1 -1 -1 -1 -1 -1 -1 -1 -1 -1 -1 -1 -1 -1 -1 -1 -1 -1 -1 -1 -1 -1 -1 -1 -1 -1 -1 -1 -1 -1
1380.0,878 757 1857 1320 368 995 998 922 1300 506 1657 1313 1313 1535 817 0 -1 -1 -1 -1 -1 -1 -1 -1 -1 -1 -1 -1 -1 -1 -1 -1 -1 -1 -1 -1 -1 -1 -1 -1 -1 -1 -1 -1 -1 -1 -1 -1 -1 -1 -1 -1 -1 -1 -1 -1 -1 -1 -1 -1 -1 -1 -1 -1 -1 -1 -1 -1 -1 -1
1811.5,878 757 1857 1801 1300 1863 646 1872 817 234 998 1230 1945 33 1909 1247 722 412 995 1713 455 592 697 506 516 1145 2014 1906 1900 1900 1197 1178 334 41 332 111 1275 1346 1645 1819 751 327 1819 1819 751 692 706 117 892 289 1112 1225 1834 368 1792 302 1370 219 612 214 1746 343 1074 1527 1969 1515 -1 -1 -1 -1
1379.0,878 995 368 1346 2052 757 42 42 999 812 1167 1176 1675 639 817 783 988 1520 598 960 1081 1549 615 1320 146 770 1619 2014 227 212 709 1200 777 113 752 1191 1432 1657 42 1959 1419 1419 1010 1505 1306 357 1394 1517 1533 1952 475 275 885 1764 1662 1664 797 404 427 955 1589 404 3 0 -1 -1 -1 -1 -1 -1
1406.0,878 1320 368 922 1411 551 1857 111 1306 995 35 234 230 328 817 240 308 770 1124 2014 1910 1909 722 1346 302 679 359 1239 1713 755 813 1953 1927 421 921 350 862 1502 1239 1419 1394 755 1614 778 242 136 742 571 1969 1424 332 1646 1192 1873 1725 481 388 1959 1657 757 1664 1233 -1 -1 -1 -1 -1 -1 -1 -1
1842.0,878 757 1857 995 368 1801 1346 98 1917 234 817 722 1167 1176 1675 1794 1614 551 998 111 35 770 528 302 1124 1910 8 1992 2067 0 -1 -1 -1 -1 -1 -1 -1 -1 -1 -1 -1 -1 -1 -1 -1 -1 -1 -1 -1 -1 -1 -1 -1 -1 -1 -1 -1 -1 -1 -1 -1 -1 -1 -1 -1 -1 -1 -1 -1 -1
1764.5,878 757 1857 234 1167 1176 1675 639 817 1549 615 848 368 787 801 1072 1910 1801 915 1872 722 411 35 1080 2052 1332 1219 995 302 1685 1713 1713 1197 551 697 1053 879 103 1054 13 18 584 1727 778 1081 1657 862 111 1147 1225 877 757 2046 778 1988 1239 1010 608 1138 0 -1 -1 -1 -1 -1 -1 -1 -1 -1 -1
1400.0,878 757 1857 234 368 787 801 1801 1614 506 998 722 1169 960 1312 885 -1 -1 -1 -1 -1 -1 -1 -1 -1 -1 -1 -1 -1 -1 -1 -1 -1 -1 -1 -1 -1 -1 -1 -1 -1 -1 -1 -1 -1 -1 -1 -1 -1 -1 -1 -1 -1 -1 -1 -1 -1 -1 -1 -1 -1 -1 -1 -1 -1 -1 -1 -1 -1 -1
1501.5,878 722 1857 1801 1300 1863 698 506 817 960 1264 817 1945 234 1306 1764 369 770 368 1856 787 922 998 1392 35 1646 722 416 530 283 644 914 1242 1427 -1 -1 -1 -1 -1 -1 -1 -1 -1 -1 -1 -1 -1 -1 -1 -1 -1 -1 -1 -1 -1 -1 -1 -1 -1 -1 -1 -1 -1 -1 -1 -1 -1 -1 -1 -1
1500.0,878 722 1857 1801 1300 1863 698 506 817 234 998 960 1467 1872 368 1856 801 817 915 922 671 1349 1264 1313 1313 1535 752 1443 609 1647 862 1036 779 2056 1112 770 1301 1449 1892 2014 35 757 374 1392 345 705 1273 1485 1909 1873 900 1191 32 826 32 281 827 1392 2024 1001 1937 0 -1 -1 -1 -1 -1 -1 -1 -1
1415.0,878 1346 42 1959 998 568 1036 1176 1857 1801 817 1053 2061 2036 1300 1608 1124 1641 1851 1266 1711 506 646 1872 697 1517 368 995 862 896 1756 1615 1420 481 1614 1863 242 1551 1551 1953 1254 1587 1726 1713 1077 186 669 0 -1 -1 -1 -1 -1 -1 -1 -1 -1 -1 -1 -1 -1 -1 -1 -1 -1 -1 -1 -1 -1 -1
1348.5,878 757 1857 551 368 787 801 1801 1614 111 35 506 752 817 998 234 1036 1176 817 1505 528 801 952 567 992 240 1664 1097 927 506 481 995 734 322 322 1346 42 388 -1 -1 -1 -1 -1 -1 -1 -1 -1 -1 -1 -1 -1 -1 -1 -1 -1 -1 -1 -1 -1 -1 -1 -1 -1 -1 -1 -1 -1 -1 -1 -1
1831.0,878 722 1857 1801 1300 234 368 1856 801 1176 817 506 998 960 1264 817 646 1872 752 757 1169 1873 35 812 528 240 1910 1917 1909 1723 1112 49 302 1502 2014 1952 1900 246 351 1346 1275 1836 456 368 892 340 1177 334 1966 1415 1486 1259 1946 1268 99 1819 1708 1645 -1 -1 -1 -1 -1 -1 -1 -1 -1 -1 -1 -1
1736.0,878 757 1857 1346 42 1959 998 1045 1917 1745 817 995 1264 506 556 1230 752 33 129 960 836 817 671 1349 1917 412 615 1801 481 136 388 885 1983 1247 742 571 1002 802 1550 955 334 1764 1192 1664 4 1295 35 1818 952 406 1252 896 210 0 -1 -1 -1 -1 -1 -1 -1 -1 -1 -1 -1 -1 -1 -1 -1 -1
1800.0,878 995 368 1346 2052 757 42 1959 999 787 1917 1560 817 1801 1112 506 1576 783 1264 1176 1200 1313 1186 302 896 801 952 412 1645 1216 1911 567 615 648 901 330 549 365 1421 1191 775 0 -1 -1 -1 -1 -1 -1 -1 -1 -1 -1 -1 -1 -1 -1 -1 -1 -1 -1 -1 -1 -1 -1 -1 -1 -1 -1 -1 -1
1780.5,878 1346 42 1959 998 560 368 506 1917 1230 1857 995 817 1801 1300 1053 646 1872 35 2063 2061 783 1945 0 -1 -1 -1 -1 -1 -1 -1 -1 -1 -1 -1 -1 -1 -1 -1 -1 -1 -1 -1 -1 -1 -1 -1 -1 -1 -1 -1 -1 -1 -1 -1 -1 -1 -1 -1 -1 -1 -1 -1 -1 -1 -1 -1 -1 -1 -1
1475.0,878 757 1857 1801 1300 234 817 506 615 1230 1467 1872 334 722 230 960 1945 33 1909 1247 1969 817 1112 770 1576 1897 1393 455 227 709 1910 1993 1615 1992 1817 947 751 571 2067 1346 1657 473 473 1113 915 233 38 1186 1896 1656 188 330 659 1952 1801 1392 1896 1656 585 330 1711 1529 549 646 246 1900 -1 -1 -1 -1
1870.0,878 757 1857 234 1167 1176 1675 639 368 787 801 1549 998 1863 817 995 146 560 332 1368 -1 -1 -1 -1 -1 -1 -1 -1 -1 -1 -1 -1 -1 -1 -1 -1 -1 -1 -1 -1 -1 -1 -1 -1 -1 -1 -1 -1 -1 -1 -1 -1 -1 -1 -1 -1 -1 -1 -1 -1 -1 -1 -1 -1 -1 -1 -1 -1 -1 -1
1826.5,878 1320 368 922 1411 995 361 506 722 848 817 947 1945 395 1306 2014 1910 1909 302 1967 456 2063 1312 1537 -1 -1 -1 -1 -1 -1 -1 -1 -1 -1 -1 -1 -1 -1 -1 -1 -1 -1 -1 -1 -1 -1 -1 -1 -1 -1 -1 -1 -1 -1 -1 -1 -1 -1 -1 -1 -1 -1 -1 -1 -1 -1 -1 -1 -1 -1
1888.5,878 757 1857 551 368 787 801 1801 1614 506 998 111 35 848 915 484 171 464 1235 1878 337 1075 1036 1320 1230 234 722 1195 -1 -1 -1 -1 -1 -1 -1 -1 -1 -1 -1 -1 -1 -1 -1 -1 -1 -1 -1 -1 -1 -1 -1 -1 -1 -1 -1 -1 -1 -1 -1 -1 -1 -1 -1 -1 -1 -1 -1 -1 -1 -1
1452.0,878 722 1857 506 679 2020 368 234 1857 1658 1036 1230 998 2020 817 1475 1264 1045 146 960 1917 817 1945 33 1909 1247 246 246 1411 1572 1259 1320 481 757 2014 952 1306 226 366 1952 679 679 1900 62 -1 -1 -1 -1 -1 -1 -1 -1 -1 -1 -1 -1 -1 -1 -1 -1 -1 -1 -1 -1 -1 -1 -1 -1 -1 -1
1782.5,878 722 1857 1801 1300 579 817 551 1264 111 1306 1863 698 817 368 1764 369 1856 787 922 35 1646 851 1535 146 1346 388 1738 1186 755 777 884 998 1502 615 836 1909 801 801 952 374 757 1664 1888 55 1520 481 1005 1669 1001 829 1937 1937 1462 2016 880 723 358 1454 1828 1301 1664 216 171 1505 0 -1 -1 -1 -1
1431.5,878 1346 42 506 1857 1230 1917 136 998 995 817 1154 171 783 368 880 146 2036 35 1801 1036 1053 1614 2063 757 1427 1427 831 -1 -1 -1 -1 -1 -1 -1 -1 -1 -1 -1 -1 -1 -1 -1 -1 -1 -1 -1 -1 -1 -1 -1 -1 -1 -1 -1 -1 -1 -1 -1 -1 -1 -1 -1 -1 -1 -1 -1 -1 -1 -1
1487.0,878 722 1857 1801 1300 880 817 885 801 1856 1306 214 1154 1502 1917 234 1264 395 368 1230 752 33 722 359 359 754 1200 2036 995 1713 599 1178 542 778 570 1893 148 1869 1042 1265 45 1642 928 654 1933 1642 2061 1863 2012 0 -1 -1 -1 -1 -1 -1 -1 -1 -1 -1 -1 -1 -1 -1 -1 -1 -1 -1 -1 -1
1462.5,878 722 1857 1801 1917 506 455 1346 42 1764 1036 1959 817 770 1848 878 1313 1313 1264 783 1535 0 -1 -1 -1 -1 -1 -1 -1 -1 -1 -1 -1 -1 -1 -1 -1 -1 -1 -1 -1 -1 -1 -1 -1 -1 -1 -1 -1 -1 -1 -1 -1 -1 -1 -1 -1 -1 -1 -1 -1 -1 -1 -1 -1 -1 -1 -1 -1 -1
1808.5,878 757 1857 234 1167 240 1306 1863 698 1764 369 922 817 1549 615 995 368 1614 146 960 230 817 722 917 777 1349 1868 1346 455 302 530 0 -1 -1 -1 -1 -1 -1 -1 -1 -1 -1 -1 -1 -1 -1 -1 -1 -1 -1 -1 -1 -1 -1 -1 -1 -1 -1 -1 -1 -1 -1 -1 -1 -1 -1 -1 -1 -1 -1
1781.0,878 757 1857 1801 1300 551 646 1872 817 111 1306 234 368 787 787 995 998 328 35 817 528 1392 1275 495 455 281 1910 117 332 1080 1883 0 -1 -1 -1 -1 -1 -1 -1 -1 -1 -1 -1 -1 -1 -1 -1 -1 -1 -1 -1 -1 -1 -1 -1 -1 -1 -1 -1 -1 -1 -1 -1 -1 -1 -1 -1 -1 -1 -1
1733.5,878 722 1857 1801 1917 506 455 1265 516 110 549 2020 1090 1313 697 947 1768 1953 1171 0 -1 -1 -1 -1 -1 -1 -1 -1 -1 -1 -1 -1 -1 -1 -1 -1 -1 -1 -1 -1 -1 -1 -1 -1 -1 -1 -1 -1 -1 -1 -1 -1 -1 -1 -1 -1 -1 -1 -1 -1 -1 -1 -1 -1 -1 -1 -1 -1 -1 -1
1933.0,878 757 1857 234 1167 240 1306 506 615 1863 698 1764 369 922 817 1614 2061 2047 722 359 679 995 368 1966 62 62 1572 1612 752 1092 35 817 1520 1933 332 1664 343 1746 998 1355 992 770 1917 0 -1 -1 -1 -1 -1 -1 -1 -1 -1 -1 -1 -1 -1 -1 -1 -1 -1 -1 -1 -1 -1 -1 -1 -1 -1 -1
1456.0,878 722 1857 506 679 234 516 1145 368 551 998 111 861 812 542 1433 146 186 697 1392 817 1801 722 359 1747 801 -1 -1 -1 -1 -1 -1 -1 -1 -1 -1 -1 -1 -1 -1 -1 -1 -1 -1 -1 -1 -1 -1 -1 -1 -1 -1 -1 -1 -1 -1 -1 -1 -1 -1 -1 -1 -1 -1 -1 -1 -1 -1 -1 -1
1450.0,878 995 368 889 1306 624 35 1733 1036 328 1910 625 1857 234 817 817 528 1863 1361 1346 722 1952 1411 836 1127 1588 556 1205 1205 1392 661 1127 1255 328 1027 953 1280 421 146 398 101 573 1183 679 1264 1904 1533 1349 777 1425 1758 1502 -1 -1 -1 -1 -1 -1 -1 -1 -1 -1 -1 -1 -1 -1 -1 -1 -1 -1
1466.5,878 995 368 1320 1614 922 1411 506 146 960 998 770 1619 2014 900 1462 308 1845 226 234 246 322 361 757 1346 42 42 1053 817 907 171 350 132 778 1883 1269 562 1603 356 765 1312 1998 1200 1068 1747 643 1207 1022 1927 1646 26 343 72 554 1617 2020 1420 1505 -1 -1 -1 -1 -1 -1 -1 -1 -1 -1 -1 -1
1736.0,878 722 1857 1801 1917 1265 1306 234 368 1733 359 359 738 1235 679 1952 1857 1176 817 328 722 1230 530 1900 885 174 915 915 598 1953 1275 1657 111 1392 1481 1178 1239 1533 1361 978 1945 33 1183 1010 1010 1010 1909 1247 201 509 885 757 1857 956 1411 456 1002 2015 1617 1873 1657 1614 448 268 1202 0 -1 -1 -1 -1
1695.5,878 757 1857 995 368 506 998 560 118 117 1346 1080 499 1448 1420 356 1726 1658 1036 1845 813 1587 817 770 1264 1145 1915 1587 1411 1612 44 1953 1090 234 1247 812 615 1178 998 1230 2032 1436 136 1657 1614 701 862 1887 394 0 -1 -1 -1 -1 -1 -1 -1 -1 -1 -1 -1 -1 -1 -1 -1 -1 -1 -1 -1 -1
1444.0,878 1346 42 1502 1217 995 1553 252 1857 1265 1167 1801 817 506 998 817 368 783 646 646 146 412 246 648 901 1900 286 955 1200 1216 615 302 1346 388 528 1535 699 1737 752 1896 1027 1443 1727 770 374 860 1817 1249 1273 281 614 1946 549 880 528 1068 2023 1143 1862 0 -1 -1 -1 -1 -1 -1 -1 -1 -1 -1
1462.5,878 722 1857 1801 1917 506 455 1764 814 1587 998 770 2029 136 42 885 -1 -1 -1 -1 -1 -1 -1 -1 -1 -1 -1 -1 -1 -1 -1 -1 -1 -1 -1 -1 -1 -1 -1 -1 -1 -1 -1 -1 -1 -1 -1 -1 -1 -1 -1 -1 -1 -1 -1 -1 -1 -1 -1 -1 -1 -1 -1 -1 -1 -1 -1 -1 -1 -1
1699.5,878 757 1857 995 368 787 801 1801 998 1863 1036 551 817 111 35 1346 915 1872 938 506 722 1200 1265 0 -1 -1 -1 -1 -1 -1 -1 -1 -1 -1 -1 -1 -1 -1 -1 -1 -1 -1 -1 -1 -1 -1 -1 -1 -1 -1 -1 -1 -1 -1 -1 -1 -1 -1 -1 -1 -1 -1 -1 -1 -1 -1 -1 -1 -1 -1
1732.5,878 722 1857 1952 679 551 1857 111 1917 2020 817 234 1264 812 129 1930 368 240 998 1053 722 359 359 679 615 914 719 953 862 395 992 754 1850 1850 568 1022 1057 1067 -1 -1 -1 -1 -1 -1 -1 -1 -1 -1 -1 -1 -1 -1 -1 -1 -1 -1 -1 -1 -1 -1 -1 -1 -1 -1 -1 -1 -1 -1 -1 -1
1750.5,878 757 1857 1801 1300 560 646 1217 817 1230 334 722 35 506 1945 33 1909 1247 679 783 1969 412 126 1050 528 350 862 953 2014 848 752 1053 1282 1215 998 1071 1027 630 1523 699 35 1288 952 800 1645 1187 -1 -1 -1 -1 -1 -1 -1 -1 -1 -1 -1 -1 -1 -1 -1 -1 -1 -1 -1 -1 -1 -1 -1 -1
1729.0,878 757 1857 995 368 787 801 1801 998 412 35 506 1036 783 868 0 -1 -1 -1 -1 -1 -1 -1 -1 -1 -1 -1 -1 -1 -1 -1 -1 -1 -1 -1 -1 -1 -1 -1 -1 -1 -1 -1 -1 -1 -1 -1 -1 -1 -1 -1 -1 -1 -1 -1 -1 -1 -1 -1 -1 -1 -1 -1 -1 -1 -1 -1 -1 -1 -1
1750.5,878 722 1857 234 368 1856 801 960 1917 1502 998 506 862 817 528 1475 752 1657 851 757 836 1127 1588 1614 1239 694 246 246 1363 1077 748 1863 1264 953 1909 1109 2031 1937 481 741 499 344 1614 1422 308 10 392 325 -1 -1 -1 -1 -1 -1 -1 -1 -1 -1 -1 -1 -1 -1 -1 -1 -1 -1 -1 -1 -1 -1
1706.5,878 757 1857 234 1167 1801 817 1863 1467 1872 1112 1230 1576 506 1264 412 722 359 1239 1427 1242 953 246 193 1558 0 -1 -1 -1 -1 -1 -1 -1 -1 -1 -1 -1 -1 -1 -1 -1 -1 -1 -1 -1 -1 -1 -1 -1 -1 -1 -1 -1 -1 -1 -1 -1 -1 -1 -1 -1 -1 -1 -1 -1 -1 -1 -1 -1 -1
1619.5,878 722 1857 1801 1917 506 455 1346 42 136 516 812 1235 0 -1 -1 -1 -1 -1 -1 -1 -1 -1 -1 -1 -1 -1 -1 -1 -1 -1 -1 -1 -1 -1 -1 -1 -1 -1 -1 -1 -1 -1 -1 -1 -1 -1 -1 -1 -1 -1 -1 -1 -1 -1 -1 -1 -1 -1 -1 -1 -1 -1 -1 -1 -1 -1 -1 -1 -1
1522.5,878 722 1857 1801 1917 770 368 1856 801 801 927 506 722 2020 817 1560 841 1520 530 1900 998 234 598 1191 35 1462 938 1745 246 1216 481 1238 1503 1502 203 1001 288 2013 1945 1952 1909 1443 797 1939 1887 609 609 1505 269 1440 797 882 1393 1346 1392 1937 1132 1873 885 547 1934 0 -1 -1 -1 -1 -1 -1 -1 -1
1564.0,878 757 1857 1801 1300 722 817 1863 646 1872 679 2020 1857 395 368 641 1264 960 1346 242 42 755 615 836 862 2067 234 0 -1 -1 -1 -1 -1 -1 -1 -1 -1 -1 -1 -1 -1 -1 -1 -1 -1 -1 -1 -1 -1 -1 -1 -1 -1 -1 -1 -1 -1 -1 -1 -1 -1 -1 -1 -1 -1 -1 -1 -1 -1 -1
1450.0,878 722 1857 1801 1917 770 368 234 359 679 679 359 738 1075 817 1952 998 783 35 328 1055 1176 448 509 992 1320 481 136 388 281 1614 1230 752 33 1318 1953 757 55 1520 1587 766 1433 264 1518 310 186 442 1808 1079 0 -1 -1 -1 -1 -1 -1 -1 -1 -1 -1 -1 -1 -1 -1 -1 -1 -1 -1 -1 -1
1430.0,878 722 1857 1801 1917 506 455 1346 42 877 1167 1502 1217 1872 1036 770 1814 75 1967 1265 998 481 751 880 368 952 35 464 1805 846 351 81 1027 106 -1 -1 -1 -1 -1 -1 -1 -1 -1 -1 -1 -1 -1 -1 -1 -1 -1 -1 -1 -1 -1 -1 -1 -1 -1 -1 -1 -1 -1 -1 -1 -1 -1 -1 -1 -1
1478.0,878 234 368 1346 42 1959 998 1745 136 742 390 1953 1739 0 -1 -1 -1 -1 -1 -1 -1 -1 -1 -1 -1 -1 -1 -1 -1 -1 -1 -1 -1 -1 -1 -1 -1 -1 -1 -1 -1 -1 -1 -1 -1 -1 -1 -1 -1 -1 -1 -1 -1 -1 -1 -1 -1 -1 -1 -1 -1 -1 -1 -1 -1 -1 -1 -1 -1 -1
1415.0,878 722 1857 234 368 1230 359 1427 1242 359 1917 506 249 1320 814 1178 91 0 -1 -1 -1 -1 -1 -1 -1 -1 -1 -1 -1 -1 -1 -1 -1 -1 -1 -1 -1 -1 -1 -1 -1 -1 -1 -1 -1 -1 -1 -1 -1 -1 -1 -1 -1 -1 -1 -1 -1 -1 -1 -1 -1 -1 -1 -1 -1 -1 -1 -1 -1 -1
1440.5,878 757 1857 1801 1300 412 368 1863 646 1756 988 1658 35 995 817 506 998 289 1983 1520 1520 841 1055 848 1200 117 1945 1425 1425 1346 249 1652 1657 1952 1012 1764 -1 -1 -1 -1 -1 -1 -1 -1 -1 -1 -1 -1 -1 -1 -1 -1 -1 -1 -1 -1 -1 -1 -1 -1 -1 -1 -1 -1 -1 -1 -1 -1 -1 -1
1498.5,878 1346 42 506 368 136 1857 1230 1917 1723 851 995 817 960 1264 817 1306 1852 862 1502 230 481 388 242 308 1745 249 1723 1657 146 709 1368 982 2020 1633 1952 1904 1969 -1 -1 -1 -1 -1 -1 -1 -1 -1 -1 -1 -1 -1 -1 -1 -1 -1 -1 -1 -1 -1 -1 -1 -1 -1 -1 -1 -1 -1 -1 -1 -1
1473.0,1614 757 1927 551 591 111 998 1801 1857 506 817 817 1201 234 1112 1646 368 240 1576 1723 988 988 759 859 992 1230 1945 1745 556 1411 -1 -1 -1 -1 -1 -1 -1 -1 -1 -1 -1 -1 -1 -1 -1 -1 -1 -1 -1 -1 -1 -1 -1 -1 -1 -1 -1 -1 -1 -1 -1 -1 -1 -1 -1 -1 -1 -1 -1 -1
1473.0,878 551 368 1275 1850 773 1917 302 1588 661 1857 1346 1167 1502 1411 817 1614 740 208 995 817 1764 851 1873 615 801 801 927 542 129 1421 955 998 1664 2020 1845 992 171 896 796 714 1836 725 1987 1402 0 -1 -1 -1 -1 -1 -1 -1 -1 -1 -1 -1 -1 -1 -1 -1 -1 -1 -1 -1 -1 -1 -1 -1 -1
1473.0,1857 395 1927 1952 591 1175 817 722 1614 1873 998 1801 368 1462 1725 907 171 234 2061 1320 285 49 359 852 679 679 1597 476 1612 1959 242 17 1747 997 1617 1943 1503 817 779 302 1533 757 1614 1910 1576 305 2018 350 1708 955 202 404 427 955 1193 404 18 444 882 186 1687 1587 158 186 905 1939 366 857 -1 -1
1278.0,878 1346 42 1959 998 2016 1036 0 -1 -1 -1 -1 -1 -1 -1 -1 -1 -1 -1 -1 -1 -1 -1 -1 -1 -1 -1 -1 -1 -1 -1 -1 -1 -1 -1 -1 -1 -1 -1 -1 -1 -1 -1 -1 -1 -1 -1 -1 -1 -1 -1 -1 -1 -1 -1 -1 -1 -1 -1 -1 -1 -1 -1 -1 -1 -1 -1 -1 -1 -1
1448.0,878 757 1857 1801 1300 234 817 1176 368 787 801 801 1675 1794 927 506 998 551 146 111 1055 817 722 510 1909 1239 1419 2032 -1 -1 -1 -1 -1 -1 -1 -1 -1 -1 -1 -1 -1 -1 -1 -1 -1 -1 -1 -1 -1 -1 -1 -1 -1 -1 -1 -1 -1 -1 -1 -1 -1 -1 -1 -1 -1 -1 -1 -1 -1 -1
1467.0,878 1346 42 506 1857 136 1917 995 817 783 388 42 598 812 368 770 998 1863 136 817 998 1462 1983 757 1657 787 1850 1108 1243 1946 -1 -1 -1 -1 -1 -1 -1 -1 -1 -1 -1 -1 -1 -1 -1 -1 -1 -1 -1 -1 -1 -1 -1 -1 -1 -1 -1 -1 -1 -1 -1 -1 -1 -1 -1 -1 -1 -1 -1 -1
1475.5,878 757 1857 995 368 787 801 1346 42 1959 998 2016 35 506 1167 1176 1675 1833 817 783 1910 1636 -1 -1 -1 -1 -1 -1 -1 -1 -1 -1 -1 -1 -1 -1 -1 -1 -1 -1 -1 -1 -1 -1 -1 -1 -1 -1 -1 -1 -1 -1 -1 -1 -1 -1 -1 -1 -1 -1 -1 -1 -1 -1 -1 -1 -1 -1 -1 -1
1445.5,878 722 1857 506 679 234 516 1145 368 757 998 787 861 812 542 1433 927 1801 1550 1346 173 136 1099 1657 817 1154 171 1612 1264 28 1186 219 752 1505 35 1265 201 1808 1520 255 1910 112 1340 1010 1205 1052 714 1505 1104 216 1819 1727 475 1358 628 145 1836 696 1027 1013 351 1110 323 981 507 0 -1 -1 -1 -1
1401.0,878 722 1857 506 679 234 1857 1313 998 1154 214 960 1917 817 35 1502 528 1873 1053 1346 1411 2061 1614 0 -1 -1 -1 -1 -1 -1 -1 -1 -1 -1 -1 -1 -1 -1 -1 -1 -1 -1 -1 -1 -1 -1 -1 -1 -1 -1 -1 -1 -1 -1 -1 -1 -1 -1 -1 -1 -1 -1 -1 -1 -1 -1 -1 -1 -1 -1
1449.0,878 757 1857 551 368 787 801 111 1614 1801 35 506 998 817 528 234 752 1863 2061 722 1183 812 1036 412 1112 240 817 302 992 1910 345 877 1050 1050 32 51 1683 1331 481 1836 1664 1801 1764 1551 1893 328 1723 381 374 1269 333 0 -1 -1 -1 -1 -1 -1 -1 -1 -1 -1 -1 -1 -1 -1 -1 -1 -1 -1
1374.0,878 1502 368 1346 42 242 1411 506 1857 1801 1306 1230 817 995 1264 960 230 817 807 1392 1945 33 1312 1247 1002 2015 146 783 246 322 1983 1863 1147 1109 1394 1764 1725 877 1657 1969 848 1045 1112 1723 1664 1969 1657 1533 701 11 807 1693 1512 1505 2052 739 1857 1873 1657 1239 359 527 527 676 697 1946 471 379 114 1449
1394.0,878 757 1857 1801 1300 506 646 1217 722 481 817 1230 998 995 1200 412 334 1427 1242 1419 455 1952 1200 1053 1264 783 1927 1646 118 416 -1 -1 -1 -1 -1 -1 -1 -1 -1 -1 -1 -1 -1 -1 -1 -1 -1 -1 -1 -1 -1 -1 -1 -1 -1 -1 -1 -1 -1 -1 -1 -1 -1 -1 -1 -1 -1 -1 -1 -1
1370.5,878 302 1588 506 368 1764 1857 1502 1346 136 1614 1950 1256 995 1713 1726 817 240 1264 204 1657 117 146 1080 246 1900 1197 1587 1768 1225 998 1205 1302 0 -1 -1 -1 -1 -1 -1 -1 -1 -1 -1 -1 -1 -1 -1 -1 -1 -1 -1 -1 -1 -1 -1 -1 -1 -1 -1 -1 -1 -1 -1 -1 -1 -1 -1 -1 -1
1341.0,878 722 1857 1801 1300 1863 646 1217 817 1230 1945 33 1909 1247 679 755 368 1535 1264 894 968 0 -1 -1 -1 -1 -1 -1 -1 -1 -1 -1 -1 -1 -1 -1 -1 -1 -1 -1 -1 -1 -1 -1 -1 -1 -1 -1 -1 -1 -1 -1 -1 -1 -1 -1 -1 -1 -1 -1 -1 -1 -1 -1 -1 -1 -1 -1 -1 -1
1330.5,878 722 1857 1801 1300 1265 817 234 1306 1230 334 551 230 1952 1264 350 1945 2020 1467 1872 1215 1215 553 869 1477 1927 332 254 1147 406 901 971 -1 -1 -1 -1 -1 -1 -1 -1 -1 -1 -1 -1 -1 -1 -1 -1 -1 -1 -1 -1 -1 -1 -1 -1 -1 -1 -1 -1 -1 -1 -1 -1 -1 -1 -1 -1 -1 -1
1351.5,878 757 1857 234 368 787 801 506 998 1863 35 1230 752 33 528 722 1081 1801 1053 1764 1707 412 1909 1247 366 770 1036 240 2014 350 1910 1992 8 1691 1050 0 -1 -1 -1 -1 -1 -1 -1 -1 -1 -1 -1 -1 -1 -1 -1 -1 -1 -1 -1 -1 -1 -1 -1 -1 -1 -1 -1 -1 -1 -1 -1 -1 -1 -1
1355.0,878 722 1857 1801 1917 1265 1306 234 334 506 817 1863 1264 1764 851 1664 369 171 1154 885 35 1502 801 1856 146 214 698 1230 171 1647 -1 -1 -1 -1 -1 -1 -1 -1 -1 -1 -1 -1 -1 -1 -1 -1 -1 -1 -1 -1 -1 -1 -1 -1 -1 -1 -1 -1 -1 -1 -1 -1 -1 -1 -1 -1 -1 -1 -1 -1
1379.5,878 722 1857 1801 1300 1462 1306 624 817 579 368 1856 787 770 118 1471 1704 817 1301 234 308 1230 1346 1657 679 359 1534 1534 1874 573 1501 0 -1 -1 -1 -1 -1 -1 -1 -1 -1 -1 -1 -1 -1 -1 -1 -1 -1 -1 -1 -1 -1 -1 -1 -1 -1 -1 -1 -1 -1 -1 -1 -1 -1 -1 -1 -1 -1 -1
1345.5,878 757 1857 234 368 1230 988 1427 1242 988 1917 995 817 1801 374 880 1983 1657 249 1320 1277 240 1008 0 -1 -1 -1 -1 -1 -1 -1 -1 -1 -1 -1 -1 -1 -1 -1 -1 -1 -1 -1 -1 -1 -1 -1 -1 -1 -1 -1 -1 -1 -1 -1 -1 -1 -1 -1 -1 -1 -1 -1 -1 -1 -1 -1 -1 -1 -1
1332.5,878 757 1857 1801 368 787 801 506 998 234 146 551 1036 111 915 1872 528 848 752 1952 1282 399 1368 817 366 51 350 770 1868 2014 1053 1873 722 705 1792 117 892 14 1868 1010 697 289 -1 -1 -1 -1 -1 -1 -1 -1 -1 -1 -1 -1 -1 -1 -1 -1 -1 -1 -1 -1 -1 -1 -1 -1 -1 -1 -1 -1
1372.0,878 1801 1857 1863 368 234 35 1230 1036 722 1346 1427 1427 885 952 1856 927 506 998 551 1868 111 1053 817 366 1392 1909 240 2014 1952 350 186 842 2015 1900 322 1232 1657 1036 1587 767 1216 1896 728 1925 1925 1910 947 655 1813 1205 1239 1848 1523 970 1027 33 1322 1474 1244 -1 -1 -1 -1 -1 -1 -1 -1 -1 -1
1298.5,878 1346 42 1959 998 568 1036 302 1857 506 817 770 1264 1200 1313 0 -1 -1 -1 -1 -1 -1 -1 -1 -1 -1 -1 -1 -1 -1 -1 -1 -1 -1 -1 -1 -1 -1 -1 -1 -1 -1 -1 -1 -1 -1 -1 -1 -1 -1 -1 -1 -1 -1 -1 -1 -1 -1 -1 -1 -1 -1 -1 -1 -1 -1 -1 -1 -1 -1
1309.0,878 722 1857 1801 1300 1863 646 1872 817 1346 679 473 615 506 915 953 885 927 -1 -1 -1 -1 -1 -1 -1 -1 -1 -1 -1 -1 -1 -1 -1 -1 -1 -1 -1 -1 -1 -1 -1 -1 -1 -1 -1 -1 -1 -1 -1 -1 -1 -1 -1 -1 -1 -1 -1 -1 -1 -1 -1 -1 -1 -1 -1 -1 -1 -1 -1 -1
1280.0,878 722 1857 1801 1300 302 1588 878 1657 0 -1 -1 -1 -1 -1 -1 -1 -1 -1 -1 -1 -1 -1 -1 -1 -1 -1 -1 -1 -1 -1 -1 -1 -1 -1 -1 -1 -1 -1 -1 -1 -1 -1 -1 -1 -1 -1 -1 -1 -1 -1 -1 -1 -1 -1 -1 -1 -1 -1 -1 -1 -1 -1 -1 -1 -1 -1 -1 -1 -1
1304.5,878 722 1857 1801 1300 1863 646 1217 817 783 368 1230 359 1427 1242 1239 374 2020 35 741 -1 -1 -1 -1 -1 -1 -1 -1 -1 -1 -1 -1 -1 -1 -1 -1 -1 -1 -1 -1 -1 -1 -1 -1 -1 -1 -1 -1 -1 -1 -1 -1 -1 -1 -1 -1 -1 -1 -1 -1 -1 -1 -1 -1 -1 -1 -1 -1 -1 -1
1316.5,878 722 1857 1801 1300 506 817 1313 368 783 646 1217 359 1265 738 1075 1264 110 -1 -1 -1 -1 -1 -1 -1 -1 -1 -1 -1 -1 -1 -1 -1 -1 -1 -1 -1 -1 -1 -1 -1 -1 -1 -1 -1 -1 -1 -1 -1 -1 -1 -1 -1 -1 -1 -1 -1 -1 -1 -1 -1 -1 -1 -1 -1 -1 -1 -1 -1 -1
1280.0,878 722 1857 234 368 1856 801 1863 862 506 998 1502 1036 960 528 1475 1053 2047 752 1873 1707 1176 1909 1764 836 1664 884 1349 1685 1045 1520 171 1998 2061 1917 560 1954 950 285 757 722 1525 814 1587 1348 50 201 1587 995 395 442 634 366 516 1542 1433 1819 381 1112 1363 1141 385 1116 374 1336 475 -1 -1 -1 -1
1283.5,878 757 1857 1801 368 1320 35 506 998 922 988 55 1520 234 35 551 1300 111 528 817 1275 1850 1807 560 646 646 817 1535 455 1443 879 1411 1055 1745 481 136 1402 0 -1 -1 -1 -1 -1 -1 -1 -1 -1 -1 -1 -1 -1 -1 -1 -1 -1 -1 -1 -1 -1 -1 -1 -1 -1 -1 -1 -1 -1 -1 -1 -1
1333.0,878 722 1857 1801 1300 234 817 1863 1467 1872 368 1230 359 1427 1242 359 374 783 1614 757 998 506 146 281 1883 770 246 1900 481 1292 734 1191 1112 350 1725 1485 1664 343 757 1891 1334 1360 1366 1889 181 357 481 1794 249 1287 5 503 524 1334 760 1775 1264 0 -1 -1 -1 -1 -1 -1 -1 -1 -1 -1 -1 -1
1326.0,878 722 1857 1801 1300 579 817 1863 698 234 1306 1176 1264 573 1945 770 369 436 368 960 230 817 807 1856 787 75 1967 378 1312 556 68 1087 862 1005 1346 1657 2063 848 1411 1327 549 106 -1 -1 -1 -1 -1 -1 -1 -1 -1 -1 -1 -1 -1 -1 -1 -1 -1 -1 -1 -1 -1 -1 -1 -1 -1 -1 -1 -1
1405.0,878 722 1857 1801 1300 579 817 234 368 1863 698 1230 359 1427 1242 359 374 436 851 1952 1614 885 1896 602 -1 -1 -1 -1 -1 -1 -1 -1 -1 -1 -1 -1 -1 -1 -1 -1 -1 -1 -1 -1 -1 -1 -1 -1 -1 -1 -1 -1 -1 -1 -1 -1 -1 -1 -1 -1 -1 -1 -1 -1 -1 -1 -1 -1 -1 -1
1393.0,878 722 1857 1801 1300 234 1467 1872 368 1230 359 960 817 1346 42 1959 998 641 1264 1462 118 328 1725 624 1664 1733 892 817 760 1360 35 836 755 0 -1 -1 -1 -1 -1 -1 -1 -1 -1 -1 -1 -1 -1 -1 -1 -1 -1 -1 -1 -1 -1 -1 -1 -1 -1 -1 -1 -1 -1 -1 -1 -1 -1 -1 -1 -1
1422.5,878 722 1857 1801 1300 506 817 234 1467 1872 368 1230 359 359 738 859 679 812 915 629 998 1265 862 817 992 1176 1657 812 1857 1355 1420 1917 394 1184 333 859 1142 1313 -1 -1 -1 -1 -1 -1 -1 -1 -1 -1 -1 -1 -1 -1 -1 -1 -1 -1 -1 -1 -1 -1 -1 -1 -1 -1 -1 -1 -1 -1 -1 -1
1394.0,878 722 1857 506 679 2020 368 234 1857 1658 1036 812 817 1475 1264 1053 998 1230 1313 1313 1945 33 1411 1406 146 770 246 1900 2061 1216 332 1346 1873 1863 1664 647 1745 1238 1754 1427 719 1022 289 600 499 1320 1331 1683 733 1502 577 765 1448 1818 1393 302 471 1022 975 600 1573 0 -1 -1 -1 -1 -1 -1 -1 -1
1428.5,878 722 1857 1801 1300 885 801 1856 817 1946 334 231 -1 -1 -1 -1 -1 -1 -1 -1 -1 -1 -1 -1 -1 -1 -1 -1 -1 -1 -1 -1 -1 -1 -1 -1 -1 -1 -1 -1 -1 -1 -1 -1 -1 -1 -1 -1 -1 -1 -1 -1 -1 -1 -1 -1 -1 -1 -1 -1 -1 -1 -1 -1 -1 -1 -1 -1 -1 -1
1369.0,878 722 1857 1801 1300 234 368 1176 1346 76 1675 639 817 1502 998 757 1264 117 118 960 1945 1549 499 1873 35 412 1420 117 1614 1313 1520 348 -1 -1 -1 -1 -1 -1 -1 -1 -1 -1 -1 -1 -1 -1 -1 -1 -1 -1 -1 -1 -1 -1 -1 -1 -1 -1 -1 -1 -1 -1 -1 -1 -1 -1 -1 -1 -1 -1
1278.0,1857 757 878 1801 368 787 801 506 998 722 868 234 146 1863 1361 1764 481 960 246 246 1306 817 1036 146 1983 812 366 1087 1375 146 1053 1621 -1 -1 -1 -1 -1 -1 -1 -1 -1 -1 -1 -1 -1 -1 -1 -1 -1 -1 -1 -1 -1 -1 -1 -1 -1 -1 -1 -1 -1 -1 -1 -1 -1 -1 -1 -1 -1 -1
1397.0,368 995 1614 1863 998 770 878 234 1857 880 1036 960 817 1502 35 722 1346 757 1124 2036 1904 1608 1124 1922 332 1176 1910 328 302 661 1588 1127 1411 1572 1259 1259 62 817 1027 240 1280 506 1945 1873 2061 1570 1420 960 1295 1200 463 1283 1393 661 1200 464 616 1685 -1 -1 -1 -1 -1 -1 -1 -1 -1 -1 -1 -1
1342.0,368 506 1614 551 998 1346 242 136 878 1154 171 111 1917 757 35 787 952 722 1265 1537 337 240 1300 1863 1675 1331 1857 1505 1462 1320 817 1873 783 1190 1239 1239 679 216 639 0 -1 -1 -1 -1 -1 -1 -1 -1 -1 -1 -1 -1 -1 -1 -1 -1 -1 -1 -1 -1 -1 -1 -1 -1 -1 -1 -1 -1 -1 -1
1407.0,368 995 1614 1346 998 506 242 136 878 1723 1857 1801 1411 960 817 817 35 1911 722 960 308 1646 423 955 1792 302 1127 1588 1249 1575 136 136 1896 1910 8 1769 -1 -1 -1 -1 -1 -1 -1 -1 -1 -1 -1 -1 -1 -1 -1 -1 -1 -1 -1 -1 -1 -1 -1 -1 -1 -1 -1 -1 -1 -1 -1 -1 -1 -1
1361.0,368 995 1614 506 1857 1200 1201 1320 1411 1425 1758 922 998 783 351 1427 1242 686 981 1502 763 0 -1 -1 -1 -1 -1 -1 -1 -1 -1 -1 -1 -1 -1 -1 -1 -1 -1 -1 -1 -1 -1 -1 -1 -1 -1 -1 -1 -1 -1 -1 -1 -1 -1 -1 -1 -1 -1 -1 -1 -1 -1 -1 -1 -1 -1 -1 -1 -1
1432.0,878 1346 42 1959 998 1045 368 1745 1857 1801 1917 1646 851 757 817 787 801 722 661 137 337 481 2044 1265 35 381 250 1764 1519 714 1675 1953 1520 506 203 778 570 1869 1664 1873 499 527 26 136 1961 629 1524 778 161 0 -1 -1 -1 -1 -1 -1 -1 -1 -1 -1 -1 -1 -1 -1 -1 -1 -1 -1 -1 -1
1432.0,368 1320 878 551 998 111 1857 922 1411 995 817 328 146 817 528 234 1275 1850 1807 240 366 506 722 359 359 848 350 0 -1 -1 -1 -1 -1 -1 -1 -1 -1 -1 -1 -1 -1 -1 -1 -1 -1 -1 -1 -1 -1 -1 -1 -1 -1 -1 -1 -1 -1 -1 -1 -1 -1 -1 -1 -1 -1 -1 -1 -1 -1 -1
1432.0,368 757 1346 1614 878 1764 2061 49 1551 284 998 560 950 0 -1 -1 -1 -1 -1 -1 -1 -1 -1 -1 -1 -1 -1 -1 -1 -1 -1 -1 -1 -1 -1 -1 -1 -1 -1 -1 -1 -1 -1 -1 -1 -1 -1 -1 -1 -1 -1 -1 -1 -1 -1 -1 -1 -1 -1 -1 -1 -1 -1 -1 -1 -1 -1 -1 -1 -1
1432.0,368 551 1857 111 1614 757 998 560 988 484 171 1941 528 837 1775 1279 -1 -1 -1 -1 -1 -1 -1 -1 -1 -1 -1 -1 -1 -1 -1 -1 -1 -1 -1 -1 -1 -1 -1 -1 -1 -1 -1 -1 -1 -1 -1 -1 -1 -1 -1 -1 -1 -1 -1 -1 -1 -1 -1 -1 -1 -1 -1 -1 -1 -1 -1 -1 -1 -1
1432.0,368 1346 1614 740 1201 1764 2061 1863 1551 1873 1256 1336 1857 1230 1657 1647 983 0 -1 -1 -1 -1 -1 -1 -1 -1 -1 -1 -1 -1 -1 -1 -1 -1 -1 -1 -1 -1 -1 -1 -1 -1 -1 -1 -1 -1 -1 -1 -1 -1 -1 -1 -1 -1 -1 -1 -1 -1 -1 -1 -1 -1 -1 -1 -1 -1 -1 -1 -1 -1
1432.0,368 551 1614 111 998 757 878 787 -1 -1 -1 -1 -1 -1 -1 -1 -1 -1 -1 -1 -1 -1 -1 -1 -1 -1 -1 -1 -1 -1 -1 -1 -1 -1 -1 -1 -1 -1 -1 -1 -1 -1 -1 -1 -1 -1 -1 -1 -1 -1 -1 -1 -1 -1 -1 -1 -1 -1 -1 -1 -1 -1 -1 -1 -1 -1 -1 -1 -1 -1
1432.0,368 551 862 111 1201 757 1306 1801 2052 787 1856 722 1239 679 615 2020 359 1419 999 1912 17 1346 817 1230 1945 1191 1215 0 -1 -1 -1 -1 -1 -1 -1 -1 -1 -1 -1 -1 -1 -1 -1 -1 -1 -1 -1 -1 -1 -1 -1 -1 -1 -1 -1 -1 -1 -1 -1 -1 -1 -1 -1 -1 -1 -1 -1 -1 -1 -1
1432.0,878 722 1857 1801 1300 1265 817 506 1264 848 1147 1425 398 110 1758 880 334 885 146 117 1917 1483 549 762 679 817 697 1346 388 812 129 1713 1095 18 981 0 -1 -1 -1 -1 -1 -1 -1 -1 -1 -1 -1 -1 -1 -1 -1 -1 -1 -1 -1 -1 -1 -1 -1 -1 -1 -1 -1 -1 -1 -1 -1 -1 -1 -1
1432.0,878 722 1857 506 679 1313 615 506 2062 2020 884 0 -1 -1 -1 -1 -1 -1 -1 -1 -1 -1 -1 -1 -1 -1 -1 -1 -1 -1 -1 -1 -1 -1 -1 -1 -1 -1 -1 -1 -1 -1 -1 -1 -1 -1 -1 -1 -1 -1 -1 -1 -1 -1 -1 -1 -1 -1 -1 -1 -1 -1 -1 -1 -1 -1 -1 -1 -1 -1
1432.0,878 1873 368 2061 1725 234 998 1176 1857 770 1411 1952 817 812 1346 592 862 2014 900 240 1264 2047 722 62 1259 1205 2052 506 754 953 1983 111 1147 817 1394 1005 366 1909 1910 719 719 620 1910 1992 8 1259 1966 114 609 609 609 388 666 1313 1313 1535 473 741 1874 236 1104 155 1685 1048 1252 1685 -1 -1 -1 -1
1438.5,368 506 1614 551 998 111 878 234 1857 722 1036 1856 801 1475 817 757 35 787 952 1723 1301 812 1725 701 1112 486 471 1313 1313 952 23 1733 1167 1587 1264 1392 455 1191 1437 1713 1152 1001 1411 421 1834 2020 366 1413 350 1346 2015 2015 347 955 626 1836 235 767 160 505 1402 0 -1 -1 -1 -1 -1 -1 -1 -1
1402.5,368 722 1614 1856 927 1801 1416 506 998 1462 1857 484 171 817 146 1346 1201 740 759 859 1256 1230 246 1900 1036 2056 817 1657 885 17 1543 448 1312 1629 879 1904 836 1164 2006 1191 836 1147 1747 1174 885 1904 1470 1526 800 404 1927 757 1617 787 1856 0 -1 -1 -1 -1 -1 -1 -1 -1 -1 -1 -1 -1 -1 -1
1383.0,368 506 1614 1346 242 136 878 506 998 1801 35 551 1300 1176 1857 111 817 817 528 1392 1346 1646 1331 1794 1501 1834 1725 1845 1945 2063 1664 1454 1983 1502 1217 194 -1 -1 -1 -1 -1 -1 -1 -1 -1 -1 -1 -1 -1 -1 -1 -1 -1 -1 -1 -1 -1 -1 -1 -1 -1 -1 -1 -1 -1 -1 -1 -1 -1 -1
1362.5,368 1346 1614 506 242 136 878 1723 998 722 1346 1462 1857 817 1411 1392 817 1502 35 907 171 242 1770 733 42 580 1264 1959 423 0 -1 -1 -1 -1 -1 -1 -1 -1 -1 -1 -1 -1 -1 -1 -1 -1 -1 -1 -1 -1 -1 -1 -1 -1 -1 -1 -1 -1 -1 -1 -1 -1 -1 -1 -1 -1 -1 -1 -1 -1
1310.0,368 506 1614 757 1346 1764 1893 1863 998 234 1857 551 146 111 878 1551 1519 1176 1675 1794 817 817 528 14 1112 289 879 1475 1275 1850 1807 696 455 1513 1881 804 1910 281 722 359 1205 679 2049 0 -1 -1 -1 -1 -1 -1 -1 -1 -1 -1 -1 -1 -1 -1 -1 -1 -1 -1 -1 -1 -1 -1 -1 -1 -1 -1
1283.5,368 1346 1614 740 1201 1764 2061 1502 1551 1893 697 1873 476 2061 1705 995 260 1176 1160 182 118 117 1857 1080 1192 117 1036 506 817 481 560 1161 998 1462 1003 1587 1100 1225 1150 0 -1 -1 -1 -1 -1 -1 -1 -1 -1 -1 -1 -1 -1 -1 -1 -1 -1 -1 -1 -1 -1 -1 -1 -1 -1 -1 -1 -1 -1 -1
1502.0,1857 995 1614 506 998 1265 368 1733 146 1346 242 42 246 322 136 2036 760 733 1201 1745 1657 1946 697 817 1917 240 814 908 516 1145 878 1392 817 1186 1747 506 1186 1535 954 894 1896 974 597 1200 1301 757 988 55 1664 1614 549 1306 981 1621 145 894 1527 1808 1764 112 228 1669 1131 53 1869 1527 608 145 1320 481
1459.5,368 506 1614 551 998 111 1857 234 146 817 1201 757 1036 787 801 1801 817 432 1301 240 1910 2047 1846 1230 478 302 1195 1282 1942 953 915 1872 332 1904 1512 2056 1945 1999 615 907 216 892 452 2047 1961 1948 1363 689 302 1255 308 1322 1393 1286 -1 -1 -1 -1 -1 -1 -1 -1 -1 -1 -1 -1 -1 -1 -1 -1
